filename,file_size,file_attributes,region_count,region_id,region_shape_attributes,region_attributes
images.jpeg,10029,"{}",3,0,"{""name"":""rect"",""x"":26,""y"":17,""width"":181,""height"":132}","{""Spices"":""Clove""}"
images.jpeg,10029,"{}",3,1,"{""name"":""rect"",""x"":154,""y"":161,""width"":63,""height"":51}","{""Spices"":""Clove""}"
images.jpeg,10029,"{}",3,2,"{""name"":""rect"",""x"":10,""y"":156,""width"":108,""height"":57}","{""Spices"":""Clove""}"
images1.jpg,6381,"{}",1,0,"{""name"":""rect"",""x"":40,""y"":19,""width"":233,""height"":134}","{""Spices"":""Cinnamon""}"
masala box.jpg,14265,"{}",2,0,"{""name"":""rect"",""x"":17,""y"":129,""width"":34,""height"":29}","{""Spices"":""Star Anise""}"
masala box.jpg,14265,"{}",2,1,"{""name"":""rect"",""x"":107,""y"":117,""width"":19,""height"":20}","{""Spices"":""Clove""}"
masala_box1.jpg,13594,"{}",2,0,"{""name"":""rect"",""x"":163,""y"":40,""width"":40,""height"":52}","{""Spices"":""Clove""}"
masala_box1.jpg,13594,"{}",2,1,"{""name"":""rect"",""x"":75,""y"":13,""width"":81,""height"":39}","{""Spices"":""Cinnamon""}"
masala_box2.jpg,360311,"{}",4,0,"{""name"":""rect"",""x"":833,""y"":415,""width"":129,""height"":107}","{""Spices"":""Clove""}"
masala_box2.jpg,360311,"{}",4,1,"{""name"":""rect"",""x"":742,""y"":254,""width"":110,""height"":142}","{""Spices"":""Cinnamon""}"
masala_box2.jpg,360311,"{}",4,2,"{""name"":""rect"",""x"":669,""y"":394,""width"":115,""height"":112}","{""Spices"":""Cinnamon""}"
masala_box2.jpg,360311,"{}",4,3,"{""name"":""rect"",""x"":891,""y"":292,""width"":88,""height"":99}","{""Spices"":""Clove""}"
BayLeaf1.jpg,191298,"{}",1,0,"{""name"":""rect"",""x"":147,""y"":14,""width"":1104,""height"":1049}","{""Spices"":""Bay Leaf""}"
BayLeaf2.jpg,114513,"{}",1,0,"{""name"":""rect"",""x"":434,""y"":102,""width"":979,""height"":830}","{""Spices"":""Bay Leaf""}"
BayLeaf3.jpg,102769,"{}",1,0,"{""name"":""rect"",""x"":253,""y"":59,""width"":1063,""height"":893}","{""Spices"":""Bay Leaf""}"
BayLeaf4.jpg,102769,"{}",1,0,"{""name"":""rect"",""x"":296,""y"":66,""width"":1015,""height"":900}","{""Spices"":""Bay Leaf""}"
BayLeaf5.jpg,114513,"{}",1,0,"{""name"":""rect"",""x"":423,""y"":93,""width"":993,""height"":855}","{""Spices"":""Bay Leaf""}"
BayLeaf12.jpg,154683,"{}",1,0,"{""name"":""rect"",""x"":170,""y"":72,""width"":1255,""height"":853}","{""Spices"":""Bay Leaf""}"
BayLeaf13.jpg,161037,"{}",1,0,"{""name"":""rect"",""x"":149,""y"":38,""width"":1275,""height"":887}","{""Spices"":""Bay Leaf""}"
BayLeaf14.jpg,161037,"{}",1,0,"{""name"":""rect"",""x"":190,""y"":32,""width"":1237,""height"":896}","{""Spices"":""Bay Leaf""}"
BayLeaf23.jpg,191298,"{}",1,0,"{""name"":""rect"",""x"":210,""y"":20,""width"":1036,""height"":1011}","{""Spices"":""Bay Leaf""}"
BayLeaf24.jpg,127505,"{}",1,0,"{""name"":""rect"",""x"":7,""y"":201,""width"":1409,""height"":773}","{""Spices"":""Bay Leaf""}"
BayLeaf25.jpg,127505,"{}",1,0,"{""name"":""rect"",""x"":23,""y"":190,""width"":1402,""height"":803}","{""Spices"":""Bay Leaf""}"
BayLeaf34.jpg,165856,"{}",1,0,"{""name"":""rect"",""x"":185,""y"":32,""width"":1210,""height"":993}","{""Spices"":""Bay Leaf""}"
BayLeaf45.jpg,160884,"{}",1,0,"{""name"":""rect"",""x"":95,""y"":29,""width"":1312,""height"":1020}","{""Spices"":""Bay Leaf""}"
BayLeaf56.jpg,168766,"{}",1,0,"{""name"":""rect"",""x"":16,""y"":206,""width"":1416,""height"":816}","{""Spices"":""Bay Leaf""}"
BayLeaf100.jpg,120484,"{}",1,0,"{""name"":""rect"",""x"":14,""y"":224,""width"":1413,""height"":629}","{""Spices"":""Bay Leaf""}"
BayLeaf101.jpg,111313,"{}",1,0,"{""name"":""rect"",""x"":32,""y"":192,""width"":1391,""height"":645}","{""Spices"":""Bay Leaf""}"
BayLeaf111.jpg,156421,"{}",1,0,"{""name"":""rect"",""x"":106,""y"":20,""width"":1314,""height"":896}","{""Spices"":""Bay Leaf""}"
BayLeaf112.jpg,154173,"{}",1,0,"{""name"":""rect"",""x"":68,""y"":34,""width"":1339,""height"":950}","{""Spices"":""Bay Leaf""}"
BayLeaf133.jpg,171002,"{}",1,0,"{""name"":""rect"",""x"":226,""y"":133,""width"":1185,""height"":803}","{""Spices"":""Bay Leaf""}"
BayLeaf134.jpg,171002,"{}",1,0,"{""name"":""rect"",""x"":138,""y"":129,""width"":1278,""height"":778}","{""Spices"":""Bay Leaf""}"
BayLeaf135.jpg,176021,"{}",1,0,"{""name"":""rect"",""x"":133,""y"":104,""width"":1278,""height"":825}","{""Spices"":""Bay Leaf""}"
BayLeaf136.jpg,176021,"{}",1,0,"{""name"":""rect"",""x"":206,""y"":115,""width"":1194,""height"":821}","{""Spices"":""Bay Leaf""}"
BayLeaf137.jpg,161569,"{}",1,0,"{""name"":""rect"",""x"":149,""y"":115,""width"":1266,""height"":825}","{""Spices"":""Bay Leaf""}"
BayLeaf138.jpg,161569,"{}",1,0,"{""name"":""rect"",""x"":204,""y"":170,""width"":1203,""height"":764}","{""Spices"":""Bay Leaf""}"
BayLeaf139.jpg,138040,"{}",1,0,"{""name"":""rect"",""x"":183,""y"":158,""width"":1221,""height"":841}","{""Spices"":""Bay Leaf""}"
BayLeaf140.jpg,138040,"{}",1,0,"{""name"":""rect"",""x"":167,""y"":133,""width"":1248,""height"":857}","{""Spices"":""Bay Leaf""}"
BayLeaf141.jpg,130555,"{}",1,0,"{""name"":""rect"",""x"":247,""y"":120,""width"":1162,""height"":911}","{""Spices"":""Bay Leaf""}"
BayLeaf142.jpg,130555,"{}",1,0,"{""name"":""rect"",""x"":192,""y"":147,""width"":1196,""height"":896}","{""Spices"":""Bay Leaf""}"
BayLeaf143.jpg,176554,"{}",1,0,"{""name"":""rect"",""x"":190,""y"":61,""width"":1070,""height"":991}","{""Spices"":""Bay Leaf""}"
BayLeaf144.jpg,176554,"{}",1,0,"{""name"":""rect"",""x"":188,""y"":75,""width"":1092,""height"":995}","{""Spices"":""Bay Leaf""}"
BayLeaf145.jpg,183021,"{}",1,0,"{""name"":""rect"",""x"":204,""y"":77,""width"":1104,""height"":975}","{""Spices"":""Bay Leaf""}"
BayLeaf146.jpg,183021,"{}",1,0,"{""name"":""rect"",""x"":213,""y"":77,""width"":1076,""height"":966}","{""Spices"":""Bay Leaf""}"
BayLeaf147.jpg,185119,"{}",1,0,"{""name"":""rect"",""x"":213,""y"":93,""width"":1067,""height"":961}","{""Spices"":""Bay Leaf""}"
BayLeaf148.jpg,185119,"{}",1,0,"{""name"":""rect"",""x"":217,""y"":63,""width"":1061,""height"":977}","{""Spices"":""Bay Leaf""}"
BayLeaf149.jpg,120736,"{}",1,0,"{""name"":""rect"",""x"":104,""y"":104,""width"":1325,""height"":875}","{""Spices"":""Bay Leaf""}"
BayLeaf150.jpg,174470,"{}",1,0,"{""name"":""rect"",""x"":256,""y"":66,""width"":1011,""height"":988}","{""Spices"":""Bay Leaf""}"
BayLeaf151.jpg,174470,"{}",1,0,"{""name"":""rect"",""x"":231,""y"":102,""width"":1056,""height"":936}","{""Spices"":""Bay Leaf""}"
BayLeaf152.jpg,120736,"{}",1,0,"{""name"":""rect"",""x"":149,""y"":149,""width"":1244,""height"":803}","{""Spices"":""Bay Leaf""}"
BayLeaf153.jpg,176944,"{}",1,0,"{""name"":""rect"",""x"":233,""y"":90,""width"":1056,""height"":961}","{""Spices"":""Bay Leaf""}"
BayLeaf154.jpg,153715,"{}",1,0,"{""name"":""rect"",""x"":323,""y"":124,""width"":1027,""height"":902}","{""Spices"":""Bay Leaf""}"
BayLeaf155.jpg,153715,"{}",1,0,"{""name"":""rect"",""x"":289,""y"":100,""width"":1056,""height"":941}","{""Spices"":""Bay Leaf""}"
BayLeaf156.jpg,139246,"{}",1,0,"{""name"":""rect"",""x"":312,""y"":142,""width"":1081,""height"":882}","{""Spices"":""Bay Leaf""}"
BayLeaf157.jpg,139246,"{}",1,0,"{""name"":""rect"",""x"":303,""y"":127,""width"":1099,""height"":916}","{""Spices"":""Bay Leaf""}"
BayLeaf158.jpg,151499,"{}",1,0,"{""name"":""rect"",""x"":280,""y"":115,""width"":1115,""height"":945}","{""Spices"":""Bay Leaf""}"
BayLeaf159.jpg,151499,"{}",1,0,"{""name"":""rect"",""x"":312,""y"":109,""width"":1097,""height"":936}","{""Spices"":""Bay Leaf""}"
BayLeaf160.jpg,161539,"{}",1,0,"{""name"":""rect"",""x"":271,""y"":102,""width"":1131,""height"":907}","{""Spices"":""Bay Leaf""}"
BayLeaf161.jpg,161539,"{}",1,0,"{""name"":""rect"",""x"":213,""y"":111,""width"":1194,""height"":932}","{""Spices"":""Bay Leaf""}"
BayLeaf162.jpg,164873,"{}",1,0,"{""name"":""rect"",""x"":179,""y"":61,""width"":1217,""height"":943}","{""Spices"":""Bay Leaf""}"
BayLeaf163.jpg,164873,"{}",1,0,"{""name"":""rect"",""x"":201,""y"":72,""width"":1201,""height"":966}","{""Spices"":""Bay Leaf""}"
BayLeaf164.jpg,158701,"{}",1,0,"{""name"":""rect"",""x"":25,""y"":341,""width"":1404,""height"":475}","{""Spices"":""Bay Leaf""}"
BayLeaf165.jpg,158701,"{}",1,0,"{""name"":""rect"",""x"":34,""y"":341,""width"":1391,""height"":482}","{""Spices"":""Bay Leaf""}"
BayLeaf166.jpg,165415,"{}",2,0,"{""name"":""rect"",""x"":25,""y"":328,""width"":1375,""height"":520}","{""Spices"":""Bay Leaf""}"
BayLeaf166.jpg,165415,"{}",2,1,"{""name"":""rect"",""x"":11,""y"":5,""width"":226,""height"":296}","{""Spices"":""Bay Leaf""}"
BayLeaf167.jpg,165415,"{}",1,0,"{""name"":""rect"",""x"":7,""y"":341,""width"":1416,""height"":459}","{""Spices"":""Bay Leaf""}"
BayLeaf168.jpg,148119,"{}",1,0,"{""name"":""rect"",""x"":138,""y"":360,""width"":1285,""height"":439}","{""Spices"":""Bay Leaf""}"
BayLeaf169.jpg,148119,"{}",1,0,"{""name"":""rect"",""x"":158,""y"":339,""width"":1260,""height"":452}","{""Spices"":""Bay Leaf""}"
BayLeaf170.jpg,108788,"{}",1,0,"{""name"":""rect"",""x"":222,""y"":179,""width"":1183,""height"":855}","{""Spices"":""Bay Leaf""}"
BayLeaf171.jpg,180026,"{}",1,0,"{""name"":""rect"",""x"":294,""y"":192,""width"":1067,""height"":706}","{""Spices"":""Bay Leaf""}"
BayLeaf172.jpg,180026,"{}",1,0,"{""name"":""rect"",""x"":285,""y"":226,""width"":1054,""height"":617}","{""Spices"":""Bay Leaf""}"
BayLeaf173.jpg,108788,"{}",1,0,"{""name"":""rect"",""x"":194,""y"":183,""width"":1205,""height"":855}","{""Spices"":""Bay Leaf""}"
BayLeaf174.jpg,134224,"{}",1,0,"{""name"":""rect"",""x"":285,""y"":154,""width"":1104,""height"":697}","{""Spices"":""Bay Leaf""}"
BayLeaf175.jpg,137619,"{}",1,0,"{""name"":""rect"",""x"":161,""y"":249,""width"":1266,""height"":513}","{""Spices"":""Bay Leaf""}"
BayLeaf176.jpg,137619,"{}",1,0,"{""name"":""rect"",""x"":194,""y"":278,""width"":1239,""height"":484}","{""Spices"":""Bay Leaf""}"
BayLeaf245.jpg,73836,"{}",2,0,"{""name"":""rect"",""x"":158,""y"":16,""width"":307,""height"":1033}","{""Spices"":""Bay Leaf""}"
BayLeaf245.jpg,73836,"{}",2,1,"{""name"":""rect"",""x"":474,""y"":140,""width"":190,""height"":820}","{""Spices"":""Bay Leaf""}"
BayLeaf246.jpg,73836,"{}",1,0,"{""name"":""rect"",""x"":124,""y"":14,""width"":531,""height"":1042}","{""Spices"":""Bay Leaf""}"
BayLeaf247.jpg,63744,"{}",1,0,"{""name"":""rect"",""x"":194,""y"":75,""width"":551,""height"":831}","{""Spices"":""Bay Leaf""}"
BayLeaf248.jpg,63744,"{}",1,0,"{""name"":""rect"",""x"":206,""y"":99,""width"":540,""height"":822}","{""Spices"":""Bay Leaf""}"
BayLeaf256.jpg,45278,"{}",1,0,"{""name"":""rect"",""x"":298,""y"":56,""width"":366,""height"":1008}","{""Spices"":""Bay Leaf""}"
BayLeaf257.jpg,45278,"{}",1,0,"{""name"":""rect"",""x"":310,""y"":47,""width"":328,""height"":1030}","{""Spices"":""Bay Leaf""}"
BayLeaf258.jpg,109378,"{}",1,0,"{""name"":""rect"",""x"":423,""y"":16,""width"":785,""height"":902}","{""Spices"":""Bay Leaf""}"
BayLeaf259.jpg,37346,"{}",1,0,"{""name"":""rect"",""x"":239,""y"":81,""width"":362,""height"":913}","{""Spices"":""Bay Leaf""}"
BL1.jpeg,5706,"{}",1,0,"{""name"":""rect"",""x"":13,""y"":23,""width"":216,""height"":171}","{""Spices"":""Bay Leaf""}"
BL2.jpeg,5001,"{}",1,0,"{""name"":""rect"",""x"":32,""y"":17,""width"":168,""height"":184}","{""Spices"":""Bay Leaf""}"
bl3.jpeg,4056,"{}",1,0,"{""name"":""rect"",""x"":3,""y"":63,""width"":207,""height"":92}","{""Spices"":""Bay Leaf""}"
BL4.jpeg,4272,"{}",1,0,"{""name"":""rect"",""x"":5,""y"":17,""width"":207,""height"":180}","{""Spices"":""Bay Leaf""}"
BL5.jpeg,9238,"{}",1,0,"{""name"":""rect"",""x"":9,""y"":11,""width"":205,""height"":204}","{""Spices"":""Bay Leaf""}"
BL6.jpeg,5544,"{}",1,0,"{""name"":""rect"",""x"":11,""y"":15,""width"":215,""height"":171}","{""Spices"":""Bay Leaf""}"
BL7.jpeg,7640,"{}",1,0,"{""name"":""rect"",""x"":20,""y"":12,""width"":196,""height"":195}","{""Spices"":""Bay Leaf""}"
BL8.jpeg,6544,"{}",1,0,"{""name"":""rect"",""x"":23,""y"":59,""width"":197,""height"":105}","{""Spices"":""Bay Leaf""}"
BL9.jpeg,7038,"{}",1,0,"{""name"":""rect"",""x"":5,""y"":7,""width"":207,""height"":208}","{""Spices"":""Bay Leaf""}"
BL10.jpeg,2902,"{}",1,0,"{""name"":""rect"",""x"":68,""y"":37,""width"":164,""height"":103}","{""Spices"":""Bay Leaf""}"
BL11.jpeg,6591,"{}",1,0,"{""name"":""rect"",""x"":11,""y"":8,""width"":211,""height"":192}","{""Spices"":""Bay Leaf""}"
BL12.jpeg,11955,"{}",1,0,"{""name"":""rect"",""x"":0,""y"":19,""width"":217,""height"":191}","{""Spices"":""Bay Leaf""}"
BL13.jpeg,5434,"{}",1,0,"{""name"":""rect"",""x"":5,""y"":36,""width"":167,""height"":220}","{""Spices"":""Bay Leaf""}"
BL14.jpeg,9600,"{}",1,0,"{""name"":""rect"",""x"":13,""y"":7,""width"":249,""height"":152}","{""Spices"":""Bay Leaf""}"
BL15.jpeg,11368,"{}",1,0,"{""name"":""rect"",""x"":13,""y"":41,""width"":196,""height"":147}","{""Spices"":""Bay Leaf""}"
BL16.jpeg,3077,"{}",1,0,"{""name"":""rect"",""x"":48,""y"":17,""width"":115,""height"":189}","{""Spices"":""Bay Leaf""}"
BL17.jpeg,11544,"{}",1,0,"{""name"":""rect"",""x"":35,""y"":29,""width"":145,""height"":128}","{""Spices"":""Bay Leaf""}"
BL18.jpeg,7005,"{}",1,0,"{""name"":""rect"",""x"":33,""y"":27,""width"":211,""height"":147}","{""Spices"":""Bay Leaf""}"
BL19.jpeg,6155,"{}",1,0,"{""name"":""rect"",""x"":35,""y"":37,""width"":167,""height"":128}","{""Spices"":""Bay Leaf""}"
BL20.jpeg,5311,"{}",1,0,"{""name"":""rect"",""x"":20,""y"":11,""width"":221,""height"":159}","{""Spices"":""Bay Leaf""}"
BL21.jpeg,6704,"{}",3,0,"{""name"":""rect"",""x"":16,""y"":80,""width"":115,""height"":89}","{""Spices"":""Bay Leaf""}"
BL21.jpeg,6704,"{}",3,1,"{""name"":""rect"",""x"":156,""y"":53,""width"":108,""height"":87}","{""Spices"":""Bay Leaf""}"
BL21.jpeg,6704,"{}",3,2,"{""name"":""rect"",""x"":152,""y"":152,""width"":81,""height"":27}","{""Spices"":""Bay Leaf""}"
BlackPepper1.jpg,122580,"{}",1,0,"{""name"":""rect"",""x"":18,""y"":210,""width"":766,""height"":856}","{""Spices"":""Black Pepper""}"
BlackPepper2.jpg,121263,"{}",1,0,"{""name"":""rect"",""x"":14,""y"":233,""width"":759,""height"":827}","{""Spices"":""Black Pepper""}"
BlackPepper3.jpg,121847,"{}",1,0,"{""name"":""rect"",""x"":5,""y"":235,""width"":782,""height"":820}","{""Spices"":""Black Pepper""}"
BlackPepper4.jpg,122867,"{}",1,0,"{""name"":""rect"",""x"":11,""y"":239,""width"":779,""height"":836}","{""Spices"":""Black Pepper""}"
BlackPepper12.jpg,144891,"{}",1,0,"{""name"":""rect"",""x"":5,""y"":108,""width"":798,""height"":913}","{""Spices"":""Black Pepper""}"
BlackPepper13.jpg,155935,"{}",1,0,"{""name"":""rect"",""x"":16,""y"":75,""width"":777,""height"":944}","{""Spices"":""Black Pepper""}"
BlackPepper14.jpg,134652,"{}",1,0,"{""name"":""rect"",""x"":11,""y"":27,""width"":766,""height"":1005}","{""Spices"":""Black Pepper""}"
BlackPepper15.jpg,147344,"{}",1,0,"{""name"":""rect"",""x"":25,""y"":20,""width"":748,""height"":1012}","{""Spices"":""Black Pepper""}"
BlackPepper23.jpg,135690,"{}",1,0,"{""name"":""rect"",""x"":16,""y"":68,""width"":782,""height"":1003}","{""Spices"":""Black Pepper""}"
BlackPepper24.jpg,170835,"{}",1,0,"{""name"":""rect"",""x"":38,""y"":124,""width"":752,""height"":929}","{""Spices"":""Black Pepper""}"
BlackPepper25.jpg,171327,"{}",1,0,"{""name"":""rect"",""x"":54,""y"":145,""width"":732,""height"":920}","{""Spices"":""Black Pepper""}"
BlackPepper26.jpg,171609,"{}",1,0,"{""name"":""rect"",""x"":34,""y"":176,""width"":766,""height"":888}","{""Spices"":""Black Pepper""}"
BlackPepper34.jpg,133960,"{}",1,0,"{""name"":""rect"",""x"":23,""y"":115,""width"":748,""height"":920}","{""Spices"":""Black Pepper""}"
BlackPepper35.jpg,138868,"{}",1,0,"{""name"":""rect"",""x"":9,""y"":59,""width"":764,""height"":990}","{""Spices"":""Black Pepper""}"
BlackPepper36.jpg,152174,"{}",1,0,"{""name"":""rect"",""x"":11,""y"":47,""width"":755,""height"":1005}","{""Spices"":""Black Pepper""}"
BlackPepper37.jpg,137315,"{}",1,0,"{""name"":""rect"",""x"":2,""y"":38,""width"":770,""height"":1035}","{""Spices"":""Black Pepper""}"
BlackPepper67.jpg,150067,"{}",1,0,"{""name"":""rect"",""x"":11,""y"":34,""width"":759,""height"":1010}","{""Spices"":""Black Pepper""}"
BlackPepper68.jpg,141264,"{}",1,0,"{""name"":""rect"",""x"":47,""y"":38,""width"":743,""height"":1017}","{""Spices"":""Black Pepper""}"
BlackPepper69.jpg,127734,"{}",1,0,"{""name"":""rect"",""x"":14,""y"":52,""width"":759,""height"":1010}","{""Spices"":""Black Pepper""}"
BlackPepper70.jpg,136118,"{}",1,0,"{""name"":""rect"",""x"":11,""y"":72,""width"":761,""height"":987}","{""Spices"":""Black Pepper""}"
BlackPepper71.jpg,134596,"{}",1,0,"{""name"":""rect"",""x"":18,""y"":106,""width"":768,""height"":953}","{""Spices"":""Black Pepper""}"
BlackPepper72.jpg,132718,"{}",1,0,"{""name"":""rect"",""x"":32,""y"":102,""width"":743,""height"":960}","{""Spices"":""Black Pepper""}"
BlackPepper78.jpg,154309,"{}",1,0,"{""name"":""rect"",""x"":9,""y"":70,""width"":768,""height"":978}","{""Spices"":""Black Pepper""}"
BlackPepper79.jpg,134836,"{}",1,0,"{""name"":""rect"",""x"":29,""y"":72,""width"":764,""height"":990}","{""Spices"":""Black Pepper""}"
BlackPepper80.jpg,127116,"{}",1,0,"{""name"":""rect"",""x"":5,""y"":56,""width"":773,""height"":994}","{""Spices"":""Black Pepper""}"
BlackPepper81.jpg,126039,"{}",1,0,"{""name"":""rect"",""x"":32,""y"":72,""width"":761,""height"":965}","{""Spices"":""Black Pepper""}"
BlackPepper82.jpg,128434,"{}",1,0,"{""name"":""rect"",""x"":38,""y"":84,""width"":755,""height"":963}","{""Spices"":""Black Pepper""}"
BlackPepper83.jpg,119667,"{}",1,0,"{""name"":""rect"",""x"":20,""y"":120,""width"":750,""height"":920}","{""Spices"":""Black Pepper""}"
BlackPepper89.jpg,149712,"{}",1,0,"{""name"":""rect"",""x"":2,""y"":165,""width"":789,""height"":852}","{""Spices"":""Black Pepper""}"
BlackPepper90.jpg,144065,"{}",2,0,"{""name"":""rect"",""x"":7,""y"":648,""width"":34,""height"":59}","{""Spices"":""Black Pepper""}"
BlackPepper90.jpg,144065,"{}",2,1,"{""name"":""rect"",""x"":120,""y"":158,""width"":671,""height"":886}","{""Spices"":""Black Pepper""}"
BlackPepper91.jpg,140879,"{}",4,0,"{""name"":""rect"",""x"":5,""y"":667,""width"":54,""height"":88}","{""Spices"":""Black Pepper""}"
BlackPepper91.jpg,140879,"{}",4,1,"{""name"":""rect"",""x"":176,""y"":206,""width"":90,""height"":86}","{""Spices"":""Black Pepper""}"
BlackPepper91.jpg,140879,"{}",4,2,"{""name"":""rect"",""x"":321,""y"":192,""width"":472,""height"":877}","{""Spices"":""Black Pepper""}"
BlackPepper91.jpg,140879,"{}",4,3,"{""name"":""rect"",""x"":120,""y"":348,""width"":190,""height"":517}","{""Spices"":""Black Pepper""}"
BlackPepper92.jpg,138914,"{}",4,0,"{""name"":""rect"",""x"":201,""y"":210,""width"":72,""height"":75}","{""Spices"":""Black Pepper""}"
BlackPepper92.jpg,138914,"{}",4,1,"{""name"":""rect"",""x"":20,""y"":653,""width"":47,""height"":75}","{""Spices"":""Black Pepper""}"
BlackPepper92.jpg,138914,"{}",4,2,"{""name"":""rect"",""x"":124,""y"":319,""width"":678,""height"":752}","{""Spices"":""Black Pepper""}"
BlackPepper92.jpg,138914,"{}",4,3,"{""name"":""rect"",""x"":321,""y"":203,""width"":235,""height"":104}","{""Spices"":""Black Pepper""}"
BlackPepper93.jpg,139501,"{}",1,0,"{""name"":""rect"",""x"":93,""y"":113,""width"":707,""height"":944}","{""Spices"":""Black Pepper""}"
BlackPepper94.jpg,141886,"{}",1,0,"{""name"":""rect"",""x"":113,""y"":23,""width"":678,""height"":1039}","{""Spices"":""Black Pepper""}"
BlackPepper100.jpg,108380,"{}",1,0,"{""name"":""rect"",""x"":5,""y"":208,""width"":700,""height"":861}","{""Spices"":""Black Pepper""}"
BlackPepper101.jpg,103539,"{}",1,0,"{""name"":""rect"",""x"":11,""y"":54,""width"":700,""height"":994}","{""Spices"":""Black Pepper""}"
BlackPepper102.jpg,110640,"{}",1,0,"{""name"":""rect"",""x"":5,""y"":0,""width"":723,""height"":1008}","{""Spices"":""Black Pepper""}"
BlackPepper103.jpg,108140,"{}",1,0,"{""name"":""rect"",""x"":18,""y"":23,""width"":730,""height"":1019}","{""Spices"":""Black Pepper""}"
BlackPepper104.jpg,111401,"{}",1,0,"{""name"":""rect"",""x"":32,""y"":90,""width"":759,""height"":978}","{""Spices"":""Black Pepper""}"
BlackPepper105.jpg,126321,"{}",1,0,"{""name"":""rect"",""x"":104,""y"":127,""width"":687,""height"":933}","{""Spices"":""Black Pepper""}"
BlackPepper133.jpg,109999,"{}",1,0,"{""name"":""rect"",""x"":14,""y"":282,""width"":773,""height"":759}","{""Spices"":""Black Pepper""}"
BlackPepper134.jpg,107047,"{}",1,0,"{""name"":""rect"",""x"":43,""y"":400,""width"":741,""height"":673}","{""Spices"":""Black Pepper""}"
BlackPepper135.jpg,96037,"{}",1,0,"{""name"":""rect"",""x"":43,""y"":355,""width"":739,""height"":700}","{""Spices"":""Black Pepper""}"
BlackPepper136.jpg,92994,"{}",1,0,"{""name"":""rect"",""x"":18,""y"":289,""width"":764,""height"":752}","{""Spices"":""Black Pepper""}"
BlackPepper144.jpg,118434,"{}",1,0,"{""name"":""rect"",""x"":52,""y"":258,""width"":732,""height"":804}","{""Spices"":""Black Pepper""}"
BlackPepper145.jpg,106674,"{}",1,0,"{""name"":""rect"",""x"":90,""y"":264,""width"":694,""height"":786}","{""Spices"":""Black Pepper""}"
BlackPepper146.jpg,89462,"{}",1,0,"{""name"":""rect"",""x"":84,""y"":269,""width"":705,""height"":777}","{""Spices"":""Black Pepper""}"
BlackPepper147.jpg,79434,"{}",1,0,"{""name"":""rect"",""x"":34,""y"":305,""width"":750,""height"":755}","{""Spices"":""Black Pepper""}"
BlackPepper155.jpg,107173,"{}",1,0,"{""name"":""rect"",""x"":25,""y"":167,""width"":768,""height"":881}","{""Spices"":""Black Pepper""}"
BlackPepper156.jpg,148974,"{}",1,0,"{""name"":""rect"",""x"":14,""y"":11,""width"":770,""height"":1048}","{""Spices"":""Black Pepper""}"
BlackPepper157.jpg,149583,"{}",1,0,"{""name"":""rect"",""x"":14,""y"":56,""width"":768,""height"":996}","{""Spices"":""Black Pepper""}"
BlackPepper158.jpg,148512,"{}",1,0,"{""name"":""rect"",""x"":23,""y"":56,""width"":766,""height"":1017}","{""Spices"":""Black Pepper""}"
BlackPepper188.jpg,134362,"{}",1,0,"{""name"":""rect"",""x"":23,""y"":38,""width"":759,""height"":1012}","{""Spices"":""Black Pepper""}"
BlackPepper189.jpg,134965,"{}",1,0,"{""name"":""rect"",""x"":14,""y"":23,""width"":786,""height"":1044}","{""Spices"":""Black Pepper""}"
BlackPepper190.jpg,133762,"{}",1,0,"{""name"":""rect"",""x"":11,""y"":18,""width"":784,""height"":1030}","{""Spices"":""Black Pepper""}"
BlackPepper191.jpg,141459,"{}",1,0,"{""name"":""rect"",""x"":5,""y"":7,""width"":789,""height"":1046}","{""Spices"":""Black Pepper""}"
BlackPepper192.jpg,119390,"{}",1,0,"{""name"":""rect"",""x"":14,""y"":18,""width"":782,""height"":1033}","{""Spices"":""Black Pepper""}"
BlackPepper193.jpg,98445,"{}",1,0,"{""name"":""rect"",""x"":7,""y"":16,""width"":737,""height"":881}","{""Spices"":""Black Pepper""}"
BlackPepper199.jpg,101587,"{}",1,0,"{""name"":""rect"",""x"":7,""y"":176,""width"":714,""height"":850}","{""Spices"":""Black Pepper""}"
BlackPepper200.jpg,103611,"{}",1,0,"{""name"":""rect"",""x"":14,""y"":174,""width"":766,""height"":892}","{""Spices"":""Black Pepper""}"
BlackPepper201.jpg,119922,"{}",1,0,"{""name"":""rect"",""x"":5,""y"":50,""width"":789,""height"":1014}","{""Spices"":""Black Pepper""}"
BlackPepper202.jpg,97448,"{}",1,0,"{""name"":""rect"",""x"":7,""y"":108,""width"":766,""height"":951}","{""Spices"":""Black Pepper""}"
BlackPepper203.jpg,114561,"{}",1,0,"{""name"":""rect"",""x"":25,""y"":27,""width"":748,""height"":1044}","{""Spices"":""Black Pepper""}"
BlackPepper204.jpg,97320,"{}",1,0,"{""name"":""rect"",""x"":14,""y"":18,""width"":757,""height"":1039}","{""Spices"":""Black Pepper""}"
BlackPepper265.jpg,119785,"{}",1,0,"{""name"":""rect"",""x"":18,""y"":228,""width"":777,""height"":838}","{""Spices"":""Black Pepper""}"
BlackPepper266.jpg,128505,"{}",1,0,"{""name"":""rect"",""x"":14,""y"":210,""width"":777,""height"":854}","{""Spices"":""Black Pepper""}"
BlackPepper267.jpg,119639,"{}",1,0,"{""name"":""rect"",""x"":29,""y"":156,""width"":757,""height"":899}","{""Spices"":""Black Pepper""}"
BlackPepper268.jpg,114266,"{}",1,0,"{""name"":""rect"",""x"":20,""y"":38,""width"":766,""height"":1010}","{""Spices"":""Black Pepper""}"
BlackPepper269.jpg,122780,"{}",1,0,"{""name"":""rect"",""x"":5,""y"":11,""width"":789,""height"":1046}","{""Spices"":""Black Pepper""}"
BlackPepper270.jpg,107582,"{}",1,0,"{""name"":""rect"",""x"":16,""y"":29,""width"":775,""height"":1039}","{""Spices"":""Black Pepper""}"
BlackPepper271.jpg,115930,"{}",1,0,"{""name"":""rect"",""x"":14,""y"":140,""width"":768,""height"":924}","{""Spices"":""Black Pepper""}"
BlackPepper272.jpg,105855,"{}",1,0,"{""name"":""rect"",""x"":14,""y"":230,""width"":768,""height"":728}","{""Spices"":""Black Pepper""}"
BlackPepper273.jpg,99993,"{}",1,0,"{""name"":""rect"",""x"":34,""y"":249,""width"":759,""height"":709}","{""Spices"":""Black Pepper""}"
BlackPepper274.jpg,105264,"{}",1,0,"{""name"":""rect"",""x"":56,""y"":194,""width"":734,""height"":730}","{""Spices"":""Black Pepper""}"
BlackPepper275.jpg,105218,"{}",1,0,"{""name"":""rect"",""x"":18,""y"":111,""width"":773,""height"":813}","{""Spices"":""Black Pepper""}"
BlackPepper276.jpg,105022,"{}",1,0,"{""name"":""rect"",""x"":5,""y"":36,""width"":786,""height"":915}","{""Spices"":""Black Pepper""}"
BlackPepper277.jpg,122512,"{}",1,0,"{""name"":""rect"",""x"":14,""y"":18,""width"":761,""height"":1010}","{""Spices"":""Black Pepper""}"
BlackPepper278.jpg,107498,"{}",1,0,"{""name"":""rect"",""x"":27,""y"":145,""width"":757,""height"":888}","{""Spices"":""Black Pepper""}"
BP1.jpeg,13064,"{}",3,0,"{""name"":""rect"",""x"":51,""y"":44,""width"":129,""height"":72}","{""Spices"":""Black Pepper""}"
BP1.jpeg,13064,"{}",3,1,"{""name"":""rect"",""x"":32,""y"":151,""width"":177,""height"":59}","{""Spices"":""Black Pepper""}"
BP1.jpeg,13064,"{}",3,2,"{""name"":""rect"",""x"":195,""y"":5,""width"":25,""height"":125}","{""Spices"":""Black Pepper""}"
BP2.jpeg,7280,"{}",1,0,"{""name"":""rect"",""x"":53,""y"":7,""width"":124,""height"":59}","{""Spices"":""Black Pepper""}"
BP3.jpeg,6468,"{}",1,0,"{""name"":""rect"",""x"":49,""y"":17,""width"":149,""height"":145}","{""Spices"":""Black Pepper""}"
BP4.jpeg,12777,"{}",4,0,"{""name"":""rect"",""x"":72,""y"":17,""width"":71,""height"":76}","{""Spices"":""Black Pepper""}"
BP4.jpeg,12777,"{}",4,1,"{""name"":""rect"",""x"":8,""y"":51,""width"":31,""height"":117}","{""Spices"":""Black Pepper""}"
BP4.jpeg,12777,"{}",4,2,"{""name"":""rect"",""x"":47,""y"":112,""width"":192,""height"":75}","{""Spices"":""Black Pepper""}"
BP4.jpeg,12777,"{}",4,3,"{""name"":""rect"",""x"":171,""y"":16,""width"":75,""height"":83}","{""Spices"":""Black Pepper""}"
BP5.jpeg,20816,"{}",1,0,"{""name"":""rect"",""x"":8,""y"":7,""width"":288,""height"":152}","{""Spices"":""Black Pepper""}"
BP6.jpeg,8851,"{}",2,0,"{""name"":""rect"",""x"":115,""y"":39,""width"":113,""height"":64}","{""Spices"":""Black Pepper""}"
BP6.jpeg,8851,"{}",2,1,"{""name"":""rect"",""x"":8,""y"":99,""width"":75,""height"":67}","{""Spices"":""Black Pepper""}"
BP7.jpeg,10532,"{}",1,0,"{""name"":""rect"",""x"":93,""y"":39,""width"":109,""height"":180}","{""Spices"":""Black Pepper""}"
BP8.jpeg,9183,"{}",2,0,"{""name"":""rect"",""x"":63,""y"":81,""width"":111,""height"":75}","{""Spices"":""Black Pepper""}"
BP8.jpeg,9183,"{}",2,1,"{""name"":""rect"",""x"":175,""y"":101,""width"":41,""height"":55}","{""Spices"":""Black Pepper""}"
BP9.jpeg,15221,"{}",1,0,"{""name"":""rect"",""x"":33,""y"":53,""width"":183,""height"":113}","{""Spices"":""Black Pepper""}"
BP10.jpeg,8107,"{}",1,0,"{""name"":""rect"",""x"":28,""y"":27,""width"":216,""height"":97}","{""Spices"":""Black Pepper""}"
BP11.jpeg,12062,"{}",1,0,"{""name"":""rect"",""x"":13,""y"":7,""width"":244,""height"":164}","{""Spices"":""Black Pepper""}"
BP12.jpeg,15219,"{}",2,0,"{""name"":""rect"",""x"":81,""y"":51,""width"":55,""height"":57}","{""Spices"":""Black Pepper""}"
BP12.jpeg,15219,"{}",2,1,"{""name"":""rect"",""x"":196,""y"":8,""width"":92,""height"":73}","{""Spices"":""Black Pepper""}"
BP13.jpeg,5157,"{}",1,0,"{""name"":""rect"",""x"":44,""y"":49,""width"":139,""height"":65}","{""Spices"":""Black Pepper""}"
BP14.jpeg,7342,"{}",2,0,"{""name"":""rect"",""x"":89,""y"":25,""width"":121,""height"":60}","{""Spices"":""Black Pepper""}"
BP14.jpeg,7342,"{}",2,1,"{""name"":""rect"",""x"":61,""y"":119,""width"":75,""height"":85}","{""Spices"":""Black Pepper""}"
BP15.jpeg,11909,"{}",2,0,"{""name"":""rect"",""x"":8,""y"":135,""width"":204,""height"":80}","{""Spices"":""Black Pepper""}"
BP15.jpeg,11909,"{}",2,1,"{""name"":""rect"",""x"":76,""y"":55,""width"":99,""height"":71}","{""Spices"":""Black Pepper""}"
BP16.jpeg,9370,"{}",3,0,"{""name"":""rect"",""x"":19,""y"":55,""width"":137,""height"":89}","{""Spices"":""Black Pepper""}"
BP16.jpeg,9370,"{}",3,1,"{""name"":""rect"",""x"":156,""y"":24,""width"":41,""height"":23}","{""Spices"":""Black Pepper""}"
BP16.jpeg,9370,"{}",3,2,"{""name"":""rect"",""x"":168,""y"":97,""width"":73,""height"":55}","{""Spices"":""Black Pepper""}"
BP17.jpeg,8924,"{}",2,0,"{""name"":""rect"",""x"":13,""y"":21,""width"":75,""height"":99}","{""Spices"":""Black Pepper""}"
BP17.jpeg,8924,"{}",2,1,"{""name"":""rect"",""x"":141,""y"":71,""width"":59,""height"":83}","{""Spices"":""Black Pepper""}"
BP18.jpeg,14344,"{}",1,0,"{""name"":""rect"",""x"":168,""y"":11,""width"":111,""height"":139}","{""Spices"":""Black Pepper""}"
BP19.jpeg,7441,"{}",1,0,"{""name"":""rect"",""x"":1,""y"":33,""width"":321,""height"":100}","{""Spices"":""Black Pepper""}"
BP20.jpeg,6289,"{}",1,0,"{""name"":""rect"",""x"":56,""y"":57,""width"":169,""height"":65}","{""Spices"":""Black Pepper""}"
BP21.jpg,180449,"{}",3,0,"{""name"":""rect"",""x"":226,""y"":153,""width"":184,""height"":167}","{""Spices"":""Black Pepper""}"
BP21.jpg,180449,"{}",3,1,"{""name"":""rect"",""x"":822,""y"":476,""width"":269,""height"":254}","{""Spices"":""Black Pepper""}"
BP21.jpg,180449,"{}",3,2,"{""name"":""rect"",""x"":90,""y"":735,""width"":217,""height"":221}","{""Spices"":""Black Pepper""}"
download.jpeg,9789,"{}",1,0,"{""name"":""rect"",""x"":112,""y"":57,""width"":161,""height"":103}","{""Spices"":""Cinnamon""}"
download1.jpg,6372,"{}",1,0,"{""name"":""rect"",""x"":11,""y"":25,""width"":243,""height"":163}","{""Spices"":""Cinnamon""}"
download2.jpeg,9621,"{}",1,0,"{""name"":""rect"",""x"":8,""y"":12,""width"":260,""height"":164}","{""Spices"":""Cinnamon""}"
download3.jpeg,8376,"{}",1,0,"{""name"":""rect"",""x"":16,""y"":12,""width"":243,""height"":155}","{""Spices"":""Cinnamon""}"
download4.jpeg,4506,"{}",1,0,"{""name"":""rect"",""x"":7,""y"":17,""width"":197,""height"":168}","{""Spices"":""Cinnamon""}"
download5.jpeg,11938,"{}",1,0,"{""name"":""rect"",""x"":3,""y"":8,""width"":297,""height"":143}","{""Spices"":""Cinnamon""}"
download6.jpeg,7883,"{}",1,0,"{""name"":""rect"",""x"":35,""y"":33,""width"":232,""height"":116}","{""Spices"":""Cinnamon""}"
download7.jpeg,7666,"{}",1,0,"{""name"":""rect"",""x"":1,""y"":19,""width"":265,""height"":131}","{""Spices"":""Cinnamon""}"
download8.jpeg,8741,"{}",1,0,"{""name"":""rect"",""x"":17,""y"":1,""width"":203,""height"":123}","{""Spices"":""Cinnamon""}"
download9.jpeg,9446,"{}",1,0,"{""name"":""rect"",""x"":135,""y"":7,""width"":156,""height"":155}","{""Spices"":""Cinnamon""}"
download10.jpeg,8607,"{}",1,0,"{""name"":""rect"",""x"":144,""y"":20,""width"":107,""height"":141}","{""Spices"":""Cinnamon""}"
download11.jpeg,6906,"{}",4,0,"{""name"":""rect"",""x"":29,""y"":59,""width"":93,""height"":47}","{""Spices"":""Cinnamon""}"
download11.jpeg,6906,"{}",4,1,"{""name"":""rect"",""x"":127,""y"":23,""width"":52,""height"":117}","{""Spices"":""Cinnamon""}"
download11.jpeg,6906,"{}",4,2,"{""name"":""rect"",""x"":195,""y"":49,""width"":96,""height"":49}","{""Spices"":""Cinnamon""}"
download11.jpeg,6906,"{}",4,3,"{""name"":""rect"",""x"":192,""y"":108,""width"":75,""height"":41}","{""Spices"":""Cinnamon""}"
download12.jpeg,8203,"{}",1,0,"{""name"":""rect"",""x"":24,""y"":25,""width"":155,""height"":212}","{""Spices"":""Cinnamon""}"
download13.jpeg,7551,"{}",1,0,"{""name"":""rect"",""x"":13,""y"":3,""width"":191,""height"":180}","{""Spices"":""Cinnamon""}"
download14.jpeg,4692,"{}",1,0,"{""name"":""rect"",""x"":31,""y"":44,""width"":217,""height"":105}","{""Spices"":""Cinnamon""}"
download15.jpeg,4874,"{}",1,0,"{""name"":""rect"",""x"":13,""y"":13,""width"":216,""height"":143}","{""Spices"":""Cinnamon""}"
download16.jpeg,5560,"{}",1,0,"{""name"":""rect"",""x"":12,""y"":9,""width"":264,""height"":163}","{""Spices"":""Cinnamon""}"
download17.jpeg,12514,"{}",1,0,"{""name"":""rect"",""x"":4,""y"":13,""width"":261,""height"":153}","{""Spices"":""Cinnamon""}"
download18.jpeg,5941,"{}",1,0,"{""name"":""rect"",""x"":56,""y"":39,""width"":183,""height"":103}","{""Spices"":""Cinnamon""}"
download19.jpeg,4119,"{}",1,0,"{""name"":""rect"",""x"":39,""y"":37,""width"":259,""height"":95}","{""Spices"":""Cinnamon""}"
Cloves828.jpeg,7249,"{}",1,0,"{""name"":""rect"",""x"":36,""y"":5,""width"":184,""height"":173}","{""Spices"":""Clove""}"
Cloves829.jpeg,8305,"{}",2,0,"{""name"":""rect"",""x"":120,""y"":68,""width"":107,""height"":92}","{""Spices"":""Clove""}"
Cloves829.jpeg,8305,"{}",2,1,"{""name"":""rect"",""x"":12,""y"":65,""width"":72,""height"":140}","{""Spices"":""Clove""}"
Cloves830.jpeg,15493,"{}",1,0,"{""name"":""rect"",""x"":11,""y"":13,""width"":248,""height"":159}","{""Spices"":""Clove""}"
Cloves831.jpeg,9568,"{}",1,0,"{""name"":""rect"",""x"":16,""y"":20,""width"":189,""height"":184}","{""Spices"":""Clove""}"
Cloves832.jpeg,6341,"{}",1,0,"{""name"":""rect"",""x"":29,""y"":64,""width"":224,""height"":99}","{""Spices"":""Clove""}"
Cloves833.jpeg,13208,"{}",3,0,"{""name"":""rect"",""x"":55,""y"":25,""width"":156,""height"":120}","{""Spices"":""Clove""}"
Cloves833.jpeg,13208,"{}",3,1,"{""name"":""rect"",""x"":11,""y"":8,""width"":36,""height"":39}","{""Spices"":""Clove""}"
Cloves833.jpeg,13208,"{}",3,2,"{""name"":""rect"",""x"":4,""y"":109,""width"":35,""height"":63}","{""Spices"":""Clove""}"
Cloves834.jpeg,9377,"{}",1,0,"{""name"":""rect"",""x"":41,""y"":31,""width"":197,""height"":108}","{""Spices"":""Clove""}"
Cloves835.jpeg,10277,"{}",2,0,"{""name"":""rect"",""x"":16,""y"":12,""width"":119,""height"":139}","{""Spices"":""Clove""}"
Cloves835.jpeg,10277,"{}",2,1,"{""name"":""rect"",""x"":157,""y"":44,""width"":48,""height"":41}","{""Spices"":""Clove""}"
Cloves836.jpeg,6760,"{}",4,0,"{""name"":""rect"",""x"":56,""y"":29,""width"":167,""height"":100}","{""Spices"":""Clove""}"
Cloves836.jpeg,6760,"{}",4,1,"{""name"":""rect"",""x"":60,""y"":139,""width"":36,""height"":28}","{""Spices"":""Clove""}"
Cloves836.jpeg,6760,"{}",4,2,"{""name"":""rect"",""x"":111,""y"":129,""width"":28,""height"":41}","{""Spices"":""Clove""}"
Cloves836.jpeg,6760,"{}",4,3,"{""name"":""rect"",""x"":172,""y"":140,""width"":81,""height"":29}","{""Spices"":""Clove""}"
DG1.jpeg,7233,"{}",1,0,"{""name"":""rect"",""x"":56,""y"":36,""width"":157,""height"":104}","{""Spices"":""Ginger""}"
DG2.jpeg,7458,"{}",1,0,"{""name"":""rect"",""x"":16,""y"":7,""width"":216,""height"":163}","{""Spices"":""Ginger""}"
DG3.jpeg,11905,"{}",1,0,"{""name"":""rect"",""x"":1,""y"":9,""width"":180,""height"":240}","{""Spices"":""Ginger""}"
DG4.jpeg,10814,"{}",1,0,"{""name"":""rect"",""x"":4,""y"":4,""width"":221,""height"":201}","{""Spices"":""Ginger""}"
DryGinger1.jpg,72294,"{}",1,0,"{""name"":""rect"",""x"":262,""y"":413,""width"":373,""height"":511}","{""Spices"":""Ginger""}"
DryGinger2.jpg,75842,"{}",1,0,"{""name"":""rect"",""x"":228,""y"":382,""width"":407,""height"":540}","{""Spices"":""Ginger""}"
DryGinger3.jpg,58537,"{}",1,0,"{""name"":""rect"",""x"":224,""y"":373,""width"":382,""height"":563}","{""Spices"":""Ginger""}"
DryGinger4.jpg,67718,"{}",1,0,"{""name"":""rect"",""x"":206,""y"":330,""width"":416,""height"":560}","{""Spices"":""Ginger""}"
DryGinger5.jpg,72088,"{}",1,0,"{""name"":""rect"",""x"":174,""y"":355,""width"":427,""height"":542}","{""Spices"":""Ginger""}"
DryGinger6.jpg,67963,"{}",1,0,"{""name"":""rect"",""x"":176,""y"":391,""width"":427,""height"":520}","{""Spices"":""Ginger""}"
DryGinger7.jpg,64637,"{}",1,0,"{""name"":""rect"",""x"":203,""y"":398,""width"":429,""height"":569}","{""Spices"":""Ginger""}"
DryGinger8.jpg,69833,"{}",1,0,"{""name"":""rect"",""x"":246,""y"":436,""width"":382,""height"":529}","{""Spices"":""Ginger""}"
DryGinger9.jpg,59180,"{}",1,0,"{""name"":""rect"",""x"":273,""y"":393,""width"":355,""height"":529}","{""Spices"":""Ginger""}"
DryGinger10.jpg,60193,"{}",1,0,"{""name"":""rect"",""x"":310,""y"":362,""width"":303,""height"":540}","{""Spices"":""Ginger""}"
DryGinger11.jpg,63459,"{}",1,0,"{""name"":""rect"",""x"":305,""y"":319,""width"":328,""height"":540}","{""Spices"":""Ginger""}"
DryGinger12.jpg,69581,"{}",1,0,"{""name"":""rect"",""x"":244,""y"":312,""width"":375,""height"":583}","{""Spices"":""Ginger""}"
DryGinger13.jpg,70122,"{}",1,0,"{""name"":""rect"",""x"":183,""y"":328,""width"":389,""height"":601}","{""Spices"":""Ginger""}"
DryGinger14.jpg,69262,"{}",1,0,"{""name"":""rect"",""x"":271,""y"":251,""width"":393,""height"":402}","{""Spices"":""Ginger""}"
DryGinger15.jpg,64122,"{}",1,0,"{""name"":""rect"",""x"":285,""y"":273,""width"":404,""height"":402}","{""Spices"":""Ginger""}"
DryGinger16.jpg,76597,"{}",1,0,"{""name"":""rect"",""x"":249,""y"":364,""width"":456,""height"":366}","{""Spices"":""Ginger""}"
DryGinger17.jpg,76692,"{}",1,0,"{""name"":""rect"",""x"":276,""y"":348,""width"":413,""height"":391}","{""Spices"":""Ginger""}"
DryGinger18.jpg,82817,"{}",1,0,"{""name"":""rect"",""x"":262,""y"":373,""width"":429,""height"":362}","{""Spices"":""Ginger""}"
DryGinger19.jpg,74773,"{}",1,0,"{""name"":""rect"",""x"":276,""y"":355,""width"":416,""height"":382}","{""Spices"":""Ginger""}"
DryGinger20.jpg,61576,"{}",1,0,"{""name"":""rect"",""x"":212,""y"":364,""width"":461,""height"":391}","{""Spices"":""Ginger""}"
DryGinger21.jpg,57872,"{}",1,0,"{""name"":""rect"",""x"":136,""y"":355,""width"":517,""height"":386}","{""Spices"":""Ginger""}"
DryGinger22.jpg,64797,"{}",1,0,"{""name"":""rect"",""x"":84,""y"":305,""width"":545,""height"":411}","{""Spices"":""Ginger""}"
DryGinger23.jpg,70683,"{}",1,0,"{""name"":""rect"",""x"":88,""y"":502,""width"":576,""height"":296}","{""Spices"":""Ginger""}"
DryGinger24.jpg,79154,"{}",1,0,"{""name"":""rect"",""x"":84,""y"":515,""width"":599,""height"":319}","{""Spices"":""Ginger""}"
DryGinger25.jpg,72385,"{}",1,0,"{""name"":""rect"",""x"":90,""y"":508,""width"":642,""height"":362}","{""Spices"":""Ginger""}"
DryGinger26.jpg,73541,"{}",1,0,"{""name"":""rect"",""x"":86,""y"":549,""width"":608,""height"":305}","{""Spices"":""Ginger""}"
DryGinger27.jpg,69641,"{}",1,0,"{""name"":""rect"",""x"":90,""y"":535,""width"":583,""height"":316}","{""Spices"":""Ginger""}"
DryGinger28.jpg,63834,"{}",1,0,"{""name"":""rect"",""x"":117,""y"":535,""width"":601,""height"":319}","{""Spices"":""Ginger""}"
DryGinger29.jpg,53154,"{}",1,0,"{""name"":""rect"",""x"":169,""y"":508,""width"":535,""height"":325}","{""Spices"":""Ginger""}"
DryGinger30.jpg,56746,"{}",1,0,"{""name"":""rect"",""x"":167,""y"":481,""width"":587,""height"":352}","{""Spices"":""Ginger""}"
DryGinger31.jpg,60598,"{}",1,0,"{""name"":""rect"",""x"":194,""y"":454,""width"":524,""height"":350}","{""Spices"":""Ginger""}"
DryGinger32.jpg,60554,"{}",1,0,"{""name"":""rect"",""x"":203,""y"":441,""width"":506,""height"":380}","{""Spices"":""Ginger""}"
DryGinger33.jpg,64519,"{}",1,0,"{""name"":""rect"",""x"":246,""y"":418,""width"":493,""height"":427}","{""Spices"":""Ginger""}"
DryGinger34.jpg,59917,"{}",1,0,"{""name"":""rect"",""x"":178,""y"":323,""width"":549,""height"":470}","{""Spices"":""Ginger""}"
DryGinger35.jpg,64399,"{}",1,0,"{""name"":""rect"",""x"":108,""y"":264,""width"":626,""height"":506}","{""Spices"":""Ginger""}"
DryGinger36.jpg,78169,"{}",1,0,"{""name"":""rect"",""x"":206,""y"":454,""width"":364,""height"":380}","{""Spices"":""Ginger""}"
DryGinger37.jpg,76293,"{}",1,0,"{""name"":""rect"",""x"":194,""y"":434,""width"":366,""height"":409}","{""Spices"":""Ginger""}"
DryGinger38.jpg,68928,"{}",1,0,"{""name"":""rect"",""x"":212,""y"":456,""width"":334,""height"":366}","{""Spices"":""Ginger""}"
DryGinger39.jpg,64178,"{}",1,0,"{""name"":""rect"",""x"":212,""y"":432,""width"":334,""height"":395}","{""Spices"":""Ginger""}"
DryGinger40.jpg,61903,"{}",1,0,"{""name"":""rect"",""x"":251,""y"":418,""width"":350,""height"":389}","{""Spices"":""Ginger""}"
DryGinger41.jpg,53378,"{}",1,0,"{""name"":""rect"",""x"":262,""y"":420,""width"":310,""height"":377}","{""Spices"":""Ginger""}"
DryGinger42.jpg,57409,"{}",1,0,"{""name"":""rect"",""x"":267,""y"":407,""width"":280,""height"":391}","{""Spices"":""Ginger""}"
DryGinger43.jpg,62773,"{}",1,0,"{""name"":""rect"",""x"":339,""y"":373,""width"":330,""height"":432}","{""Spices"":""Ginger""}"
DryGinger44.jpg,74440,"{}",1,0,"{""name"":""rect"",""x"":393,""y"":362,""width"":319,""height"":425}","{""Spices"":""Ginger""}"
DryGinger45.jpg,54704,"{}",1,0,"{""name"":""rect"",""x"":325,""y"":373,""width"":366,""height"":443}","{""Spices"":""Ginger""}"
DryGinger46.jpg,58957,"{}",1,0,"{""name"":""rect"",""x"":230,""y"":389,""width"":393,""height"":389}","{""Spices"":""Ginger""}"
DryGinger47.jpg,57602,"{}",1,0,"{""name"":""rect"",""x"":212,""y"":427,""width"":386,""height"":371}","{""Spices"":""Ginger""}"
DryGinger48.jpg,66167,"{}",1,0,"{""name"":""rect"",""x"":79,""y"":418,""width"":513,""height"":484}","{""Spices"":""Ginger""}"
DryGinger49.jpg,85155,"{}",1,0,"{""name"":""rect"",""x"":75,""y"":420,""width"":513,""height"":465}","{""Spices"":""Ginger""}"
DryGinger50.jpg,86061,"{}",1,0,"{""name"":""rect"",""x"":72,""y"":425,""width"":506,""height"":470}","{""Spices"":""Ginger""}"
DryGinger51.jpg,84311,"{}",1,0,"{""name"":""rect"",""x"":50,""y"":411,""width"":535,""height"":465}","{""Spices"":""Ginger""}"
DryGinger52.jpg,62914,"{}",1,0,"{""name"":""rect"",""x"":52,""y"":382,""width"":499,""height"":434}","{""Spices"":""Ginger""}"
DryGinger53.jpg,72303,"{}",1,0,"{""name"":""rect"",""x"":20,""y"":332,""width"":479,""height"":484}","{""Spices"":""Ginger""}"
DryGinger54.jpg,52649,"{}",1,0,"{""name"":""rect"",""x"":282,""y"":334,""width"":427,""height"":567}","{""Spices"":""Ginger""}"
DryGinger55.jpg,54613,"{}",1,0,"{""name"":""rect"",""x"":203,""y"":319,""width"":465,""height"":583}","{""Spices"":""Ginger""}"
DryGinger56.jpg,69195,"{}",1,0,"{""name"":""rect"",""x"":43,""y"":343,""width"":594,""height"":563}","{""Spices"":""Ginger""}"
DryGinger57.jpg,60812,"{}",1,0,"{""name"":""rect"",""x"":95,""y"":382,""width"":626,""height"":533}","{""Spices"":""Ginger""}"
DryGinger58.jpg,75011,"{}",1,0,"{""name"":""rect"",""x"":165,""y"":364,""width"":617,""height"":560}","{""Spices"":""Ginger""}"
DryGinger59.jpg,70826,"{}",1,0,"{""name"":""rect"",""x"":215,""y"":348,""width"":569,""height"":540}","{""Spices"":""Ginger""}"
DryGinger60.jpg,56488,"{}",1,0,"{""name"":""rect"",""x"":122,""y"":328,""width"":664,""height"":524}","{""Spices"":""Ginger""}"
DryGinger61.jpg,61934,"{}",1,0,"{""name"":""rect"",""x"":84,""y"":350,""width"":678,""height"":538}","{""Spices"":""Ginger""}"
DryGinger62.jpg,53237,"{}",1,0,"{""name"":""rect"",""x"":131,""y"":350,""width"":642,""height"":583}","{""Spices"":""Ginger""}"
DryGinger63.jpg,52649,"{}",1,0,"{""name"":""rect"",""x"":294,""y"":310,""width"":434,""height"":596}","{""Spices"":""Ginger""}"
DryGinger64.jpg,69195,"{}",1,0,"{""name"":""rect"",""x"":41,""y"":343,""width"":615,""height"":554}","{""Spices"":""Ginger""}"
DryGinger65.jpg,81381,"{}",3,0,"{""name"":""rect"",""x"":203,""y"":264,""width"":341,""height"":316}","{""Spices"":""Ginger""}"
DryGinger65.jpg,81381,"{}",3,1,"{""name"":""rect"",""x"":294,""y"":635,""width"":212,""height"":346}","{""Spices"":""Ginger""}"
DryGinger65.jpg,81381,"{}",3,2,"{""name"":""rect"",""x"":624,""y"":587,""width"":176,""height"":287}","{""Spices"":""Ginger""}"
DryGinger66.jpg,82595,"{}",3,0,"{""name"":""rect"",""x"":167,""y"":282,""width"":380,""height"":328}","{""Spices"":""Ginger""}"
DryGinger66.jpg,82595,"{}",3,1,"{""name"":""rect"",""x"":251,""y"":648,""width"":242,""height"":346}","{""Spices"":""Ginger""}"
DryGinger66.jpg,82595,"{}",3,2,"{""name"":""rect"",""x"":606,""y"":608,""width"":197,""height"":282}","{""Spices"":""Ginger""}"
DryGinger67.jpg,75984,"{}",3,0,"{""name"":""rect"",""x"":136,""y"":296,""width"":393,""height"":319}","{""Spices"":""Ginger""}"
DryGinger67.jpg,75984,"{}",3,1,"{""name"":""rect"",""x"":230,""y"":664,""width"":253,""height"":323}","{""Spices"":""Ginger""}"
DryGinger67.jpg,75984,"{}",3,2,"{""name"":""rect"",""x"":567,""y"":633,""width"":226,""height"":285}","{""Spices"":""Ginger""}"
DryGinger68.jpg,73311,"{}",1,0,"{""name"":""rect"",""x"":111,""y"":291,""width"":676,""height"":667}","{""Spices"":""Ginger""}"
DryGinger69.jpg,71614,"{}",1,0,"{""name"":""rect"",""x"":138,""y"":278,""width"":644,""height"":662}","{""Spices"":""Ginger""}"
DryGinger70.jpg,68145,"{}",1,0,"{""name"":""rect"",""x"":133,""y"":262,""width"":615,""height"":664}","{""Spices"":""Ginger""}"
DryGinger71.jpg,61266,"{}",3,0,"{""name"":""rect"",""x"":188,""y"":253,""width"":343,""height"":314}","{""Spices"":""Ginger""}"
DryGinger71.jpg,61266,"{}",3,1,"{""name"":""rect"",""x"":167,""y"":610,""width"":301,""height"":296}","{""Spices"":""Ginger""}"
DryGinger71.jpg,61266,"{}",3,2,"{""name"":""rect"",""x"":554,""y"":619,""width"":169,""height"":294}","{""Spices"":""Ginger""}"
DryGinger72.jpg,65441,"{}",3,0,"{""name"":""rect"",""x"":194,""y"":203,""width"":312,""height"":337}","{""Spices"":""Ginger""}"
DryGinger72.jpg,65441,"{}",3,1,"{""name"":""rect"",""x"":52,""y"":567,""width"":366,""height"":289}","{""Spices"":""Ginger""}"
DryGinger72.jpg,65441,"{}",3,2,"{""name"":""rect"",""x"":488,""y"":644,""width"":212,""height"":334}","{""Spices"":""Ginger""}"
DryGinger73.jpg,69473,"{}",3,0,"{""name"":""rect"",""x"":255,""y"":197,""width"":253,""height"":334}","{""Spices"":""Ginger""}"
DryGinger73.jpg,69473,"{}",3,1,"{""name"":""rect"",""x"":84,""y"":563,""width"":325,""height"":276}","{""Spices"":""Ginger""}"
DryGinger73.jpg,69473,"{}",3,2,"{""name"":""rect"",""x"":477,""y"":635,""width"":160,""height"":343}","{""Spices"":""Ginger""}"
DryGinger74.jpg,73406,"{}",3,0,"{""name"":""rect"",""x"":208,""y"":124,""width"":301,""height"":384}","{""Spices"":""Ginger""}"
DryGinger74.jpg,73406,"{}",3,1,"{""name"":""rect"",""x"":38,""y"":526,""width"":375,""height"":314}","{""Spices"":""Ginger""}"
DryGinger74.jpg,73406,"{}",3,2,"{""name"":""rect"",""x"":456,""y"":655,""width"":172,""height"":368}","{""Spices"":""Ginger""}"
DryGinger75.jpg,67130,"{}",3,0,"{""name"":""rect"",""x"":95,""y"":129,""width"":310,""height"":343}","{""Spices"":""Ginger""}"
DryGinger75.jpg,67130,"{}",3,1,"{""name"":""rect"",""x"":66,""y"":490,""width"":260,""height"":359}","{""Spices"":""Ginger""}"
DryGinger75.jpg,67130,"{}",3,2,"{""name"":""rect"",""x"":377,""y"":554,""width"":237,""height"":375}","{""Spices"":""Ginger""}"
DryGinger76.jpg,87707,"{}",3,0,"{""name"":""rect"",""x"":203,""y"":350,""width"":380,""height"":314}","{""Spices"":""Ginger""}"
DryGinger76.jpg,87707,"{}",3,1,"{""name"":""rect"",""x"":104,""y"":682,""width"":260,""height"":271}","{""Spices"":""Ginger""}"
DryGinger76.jpg,87707,"{}",3,2,"{""name"":""rect"",""x"":416,""y"":739,""width"":142,""height"":262}","{""Spices"":""Ginger""}"
DryGinger77.jpg,91533,"{}",3,0,"{""name"":""rect"",""x"":219,""y"":357,""width"":377,""height"":291}","{""Spices"":""Ginger""}"
DryGinger77.jpg,91533,"{}",3,1,"{""name"":""rect"",""x"":97,""y"":682,""width"":280,""height"":255}","{""Spices"":""Ginger""}"
DryGinger77.jpg,91533,"{}",3,2,"{""name"":""rect"",""x"":404,""y"":746,""width"":178,""height"":251}","{""Spices"":""Ginger""}"
DryGinger78.jpg,84971,"{}",3,0,"{""name"":""rect"",""x"":217,""y"":319,""width"":375,""height"":332}","{""Spices"":""Ginger""}"
DryGinger78.jpg,84971,"{}",3,1,"{""name"":""rect"",""x"":149,""y"":673,""width"":249,""height"":314}","{""Spices"":""Ginger""}"
DryGinger78.jpg,84971,"{}",3,2,"{""name"":""rect"",""x"":438,""y"":732,""width"":206,""height"":280}","{""Spices"":""Ginger""}"
DryGinger79.jpg,88488,"{}",1,0,"{""name"":""rect"",""x"":97,""y"":373,""width"":637,""height"":587}","{""Spices"":""Ginger""}"
DryGinger80.jpg,80908,"{}",1,0,"{""name"":""rect"",""x"":158,""y"":450,""width"":506,""height"":472}","{""Spices"":""Ginger""}"
DryGinger81.jpg,76349,"{}",1,0,"{""name"":""rect"",""x"":206,""y"":434,""width"":488,""height"":506}","{""Spices"":""Ginger""}"
DryGinger82.jpg,80498,"{}",1,0,"{""name"":""rect"",""x"":217,""y"":463,""width"":452,""height"":459}","{""Spices"":""Ginger""}"
DryGinger83.jpg,83215,"{}",1,0,"{""name"":""rect"",""x"":237,""y"":499,""width"":452,""height"":418}","{""Spices"":""Ginger""}"
DryGinger84.jpg,76642,"{}",1,0,"{""name"":""rect"",""x"":203,""y"":495,""width"":472,""height"":411}","{""Spices"":""Ginger""}"
DryGinger85.jpg,70480,"{}",1,0,"{""name"":""rect"",""x"":167,""y"":470,""width"":497,""height"":436}","{""Spices"":""Ginger""}"
DryGinger86.jpg,72666,"{}",1,0,"{""name"":""rect"",""x"":113,""y"":398,""width"":560,""height"":515}","{""Spices"":""Ginger""}"
DryGinger87.jpg,81732,"{}",1,0,"{""name"":""rect"",""x"":61,""y"":273,""width"":680,""height"":696}","{""Spices"":""Ginger""}"
DryGinger88.jpg,86263,"{}",1,0,"{""name"":""rect"",""x"":145,""y"":255,""width"":630,""height"":752}","{""Spices"":""Ginger""}"
DryGinger89.jpg,79626,"{}",1,0,"{""name"":""rect"",""x"":149,""y"":301,""width"":615,""height"":732}","{""Spices"":""Ginger""}"
DryGinger90.jpg,81642,"{}",1,0,"{""name"":""rect"",""x"":131,""y"":303,""width"":633,""height"":748}","{""Spices"":""Ginger""}"
DryGinger91.jpg,85729,"{}",1,0,"{""name"":""rect"",""x"":124,""y"":382,""width"":558,""height"":569}","{""Spices"":""Ginger""}"
DryGinger92.jpg,77707,"{}",1,0,"{""name"":""rect"",""x"":120,""y"":339,""width"":531,""height"":594}","{""Spices"":""Ginger""}"
DryGinger93.jpg,81055,"{}",1,0,"{""name"":""rect"",""x"":133,""y"":273,""width"":513,""height"":669}","{""Spices"":""Ginger""}"
DryGinger94.jpg,83503,"{}",1,0,"{""name"":""rect"",""x"":72,""y"":233,""width"":592,""height"":691}","{""Spices"":""Ginger""}"
DryGinger95.jpg,80865,"{}",1,0,"{""name"":""rect"",""x"":97,""y"":136,""width"":556,""height"":748}","{""Spices"":""Ginger""}"
DryGinger646.jpg,128332,"{}",1,0,"{""name"":""rect"",""x"":439,""y"":194,""width"":785,""height"":816}","{""Spices"":""Ginger""}"
DryGinger647.jpg,158980,"{}",1,0,"{""name"":""rect"",""x"":470,""y"":274,""width"":749,""height"":746}","{""Spices"":""Ginger""}"
DryGinger648.jpg,134702,"{}",1,0,"{""name"":""rect"",""x"":412,""y"":287,""width"":780,""height"":751}","{""Spices"":""Ginger""}"
DryGinger657.jpg,167077,"{}",1,0,"{""name"":""rect"",""x"":421,""y"":224,""width"":877,""height"":760}","{""Spices"":""Ginger""}"
DryGinger658.jpg,146252,"{}",1,0,"{""name"":""rect"",""x"":294,""y"":179,""width"":1040,""height"":805}","{""Spices"":""Ginger""}"
DryGinger659.jpg,125518,"{}",1,0,"{""name"":""rect"",""x"":274,""y"":172,""width"":1036,""height"":828}","{""Spices"":""Ginger""}"
SA1.jpeg,9126,"{}",1,0,"{""name"":""rect"",""x"":19,""y"":28,""width"":241,""height"":140}","{""Spices"":""Star Anise""}"
SA2.jpeg,7364,"{}",1,0,"{""name"":""rect"",""x"":3,""y"":44,""width"":213,""height"":151}","{""Spices"":""Star Anise""}"
SA3.jpeg,16966,"{}",4,0,"{""name"":""rect"",""x"":43,""y"":55,""width"":56,""height"":61}","{""Spices"":""Star Anise""}"
SA3.jpeg,16966,"{}",4,1,"{""name"":""rect"",""x"":125,""y"":73,""width"":51,""height"":67}","{""Spices"":""Star Anise""}"
SA3.jpeg,16966,"{}",4,2,"{""name"":""rect"",""x"":119,""y"":1,""width"":71,""height"":55}","{""Spices"":""Star Anise""}"
SA3.jpeg,16966,"{}",4,3,"{""name"":""rect"",""x"":3,""y"":137,""width"":123,""height"":77}","{""Spices"":""Star Anise""}"
SA4.jpeg,10679,"{}",1,0,"{""name"":""rect"",""x"":11,""y"":15,""width"":255,""height"":157}","{""Spices"":""Star Anise""}"
SA5.jpeg,10424,"{}",2,0,"{""name"":""rect"",""x"":23,""y"":7,""width"":52,""height"":56}","{""Spices"":""Star Anise""}"
SA5.jpeg,10424,"{}",2,1,"{""name"":""rect"",""x"":29,""y"":83,""width"":176,""height"":124}","{""Spices"":""Star Anise""}"
SA6.jpeg,10804,"{}",2,0,"{""name"":""rect"",""x"":77,""y"":28,""width"":223,""height"":121}","{""Spices"":""Star Anise""}"
SA6.jpeg,10804,"{}",2,1,"{""name"":""rect"",""x"":11,""y"":7,""width"":40,""height"":48}","{""Spices"":""Star Anise""}"
SA7.jpeg,9569,"{}",1,0,"{""name"":""rect"",""x"":7,""y"":0,""width"":269,""height"":175}","{""Spices"":""Star Anise""}"
SA8.jpeg,6232,"{}",1,0,"{""name"":""rect"",""x"":71,""y"":17,""width"":208,""height"":135}","{""Spices"":""Star Anise""}"
SA9.jpeg,11105,"{}",1,0,"{""name"":""rect"",""x"":21,""y"":23,""width"":177,""height"":133}","{""Spices"":""Star Anise""}"
SA10.jpeg,6186,"{}",2,0,"{""name"":""rect"",""x"":29,""y"":13,""width"":103,""height"":120}","{""Spices"":""Star Anise""}"
SA10.jpeg,6186,"{}",2,1,"{""name"":""rect"",""x"":151,""y"":31,""width"":111,""height"":103}","{""Spices"":""Clove""}"
SA11.jpeg,11928,"{}",3,0,"{""name"":""rect"",""x"":108,""y"":61,""width"":53,""height"":57}","{""Spices"":""Star Anise""}"
SA11.jpeg,11928,"{}",3,1,"{""name"":""rect"",""x"":164,""y"":96,""width"":46,""height"":69}","{""Spices"":""Cinnamon""}"
SA11.jpeg,11928,"{}",3,2,"{""name"":""rect"",""x"":111,""y"":141,""width"":48,""height"":27}","{""Spices"":""Cinnamon""}"
SA12.jpeg,9735,"{}",7,0,"{""name"":""rect"",""x"":65,""y"":21,""width"":133,""height"":119}","{""Spices"":""Star Anise""}"
SA12.jpeg,9735,"{}",7,1,"{""name"":""rect"",""x"":229,""y"":74,""width"":35,""height"":39}","{""Spices"":""Star Anise""}"
SA12.jpeg,9735,"{}",7,2,"{""name"":""rect"",""x"":2,""y"":33,""width"":50,""height"":24}","{""Spices"":""Star Anise""}"
SA12.jpeg,9735,"{}",7,3,"{""name"":""rect"",""x"":5,""y"":79,""width"":25,""height"":26}","{""Spices"":""Star Anise""}"
SA12.jpeg,9735,"{}",7,4,"{""name"":""rect"",""x"":7,""y"":129,""width"":42,""height"":32}","{""Spices"":""Star Anise""}"
SA12.jpeg,9735,"{}",7,5,"{""name"":""rect"",""x"":59,""y"":147,""width"":43,""height"":31}","{""Spices"":""Star Anise""}"
SA12.jpeg,9735,"{}",7,6,"{""name"":""rect"",""x"":175,""y"":145,""width"":52,""height"":21}","{""Spices"":""Star Anise""}"
SA13.jpeg,7001,"{}",2,0,"{""name"":""rect"",""x"":74,""y"":47,""width"":105,""height"":102}","{""Spices"":""Star Anise""}"
SA13.jpeg,7001,"{}",2,1,"{""name"":""rect"",""x"":214,""y"":13,""width"":57,""height"":78}","{""Spices"":""Star Anise""}"
SA14.jpeg,11513,"{}",4,0,"{""name"":""rect"",""x"":56,""y"":87,""width"":94,""height"":96}","{""Spices"":""Star Anise""}"
SA14.jpeg,11513,"{}",4,1,"{""name"":""rect"",""x"":101,""y"":16,""width"":51,""height"":47}","{""Spices"":""Star Anise""}"
SA14.jpeg,11513,"{}",4,2,"{""name"":""rect"",""x"":119,""y"":199,""width"":39,""height"":25}","{""Spices"":""Star Anise""}"
SA14.jpeg,11513,"{}",4,3,"{""name"":""rect"",""x"":24,""y"":179,""width"":25,""height"":18}","{""Spices"":""Star Anise""}"
SA15.jpeg,11809,"{}",1,0,"{""name"":""rect"",""x"":6,""y"":7,""width"":248,""height"":152}","{""Spices"":""Star Anise""}"
SA16.jpeg,8243,"{}",5,0,"{""name"":""rect"",""x"":49,""y"":7,""width"":43,""height"":24}","{""Spices"":""Star Anise""}"
SA16.jpeg,8243,"{}",5,1,"{""name"":""rect"",""x"":105,""y"":1,""width"":35,""height"":29}","{""Spices"":""Star Anise""}"
SA16.jpeg,8243,"{}",5,2,"{""name"":""rect"",""x"":16,""y"":45,""width"":47,""height"":35}","{""Spices"":""Star Anise""}"
SA16.jpeg,8243,"{}",5,3,"{""name"":""rect"",""x"":51,""y"":103,""width"":78,""height"":66}","{""Spices"":""Star Anise""}"
SA16.jpeg,8243,"{}",5,4,"{""name"":""rect"",""x"":57,""y"":214,""width"":128,""height"":47}","{""Spices"":""Star Anise""}"
SA17.jpeg,7756,"{}",1,0,"{""name"":""rect"",""x"":42,""y"":29,""width"":209,""height"":79}","{""Spices"":""Star Anise""}"
SA18.jpeg,8475,"{}",4,0,"{""name"":""rect"",""x"":9,""y"":51,""width"":66,""height"":50}","{""Spices"":""Star Anise""}"
SA18.jpeg,8475,"{}",4,1,"{""name"":""rect"",""x"":107,""y"":31,""width"":99,""height"":103}","{""Spices"":""Star Anise""}"
SA18.jpeg,8475,"{}",4,2,"{""name"":""rect"",""x"":233,""y"":75,""width"":82,""height"":50}","{""Spices"":""Star Anise""}"
SA18.jpeg,8475,"{}",4,3,"{""name"":""rect"",""x"":222,""y"":4,""width"":80,""height"":35}","{""Spices"":""Clove""}"
SA19.jpeg,9726,"{}",1,0,"{""name"":""rect"",""x"":6,""y"":7,""width"":250,""height"":186}","{""Spices"":""Star Anise""}"
SA20.jpeg,13673,"{}",4,0,"{""name"":""rect"",""x"":44,""y"":153,""width"":76,""height"":53}","{""Spices"":""Star Anise""}"
SA20.jpeg,13673,"{}",4,1,"{""name"":""rect"",""x"":141,""y"":139,""width"":34,""height"":44}","{""Spices"":""Star Anise""}"
SA20.jpeg,13673,"{}",4,2,"{""name"":""rect"",""x"":65,""y"":216,""width"":55,""height"":44}","{""Spices"":""Star Anise""}"
SA20.jpeg,13673,"{}",4,3,"{""name"":""rect"",""x"":15,""y"":1,""width"":162,""height"":64}","{""Spices"":""Star Anise""}"
SA21.jpeg,9116,"{}",2,0,"{""name"":""rect"",""x"":43,""y"":79,""width"":129,""height"":86}","{""Spices"":""Star Anise""}"
SA21.jpeg,9116,"{}",2,1,"{""name"":""rect"",""x"":132,""y"":11,""width"":78,""height"":63}","{""Spices"":""Star Anise""}"
StarAnise1.jpg,68212,"{}",1,0,"{""name"":""rect"",""x"":327,""y"":218,""width"":308,""height"":308}","{""Spices"":""Star Anise""}"
StarAnise2.jpg,67658,"{}",1,0,"{""name"":""rect"",""x"":287,""y"":207,""width"":395,""height"":332}","{""Spices"":""Star Anise""}"
StarAnise3.jpg,64947,"{}",1,0,"{""name"":""rect"",""x"":319,""y"":197,""width"":332,""height"":346}","{""Spices"":""Star Anise""}"
StarAnise4.jpg,60844,"{}",1,0,"{""name"":""rect"",""x"":284,""y"":211,""width"":374,""height"":321}","{""Spices"":""Star Anise""}"
StarAnise5.jpg,40708,"{}",1,0,"{""name"":""rect"",""x"":310,""y"":226,""width"":290,""height"":278}","{""Spices"":""Star Anise""}"
StarAnise6.jpg,62673,"{}",1,0,"{""name"":""rect"",""x"":220,""y"":243,""width"":249,""height"":319}","{""Spices"":""Star Anise""}"
StarAnise7.jpg,55055,"{}",1,0,"{""name"":""rect"",""x"":224,""y"":263,""width"":279,""height"":325}","{""Spices"":""Star Anise""}"
StarAnise8.jpg,43722,"{}",1,0,"{""name"":""rect"",""x"":268,""y"":279,""width"":259,""height"":303}","{""Spices"":""Star Anise""}"
StarAnise9.jpg,41656,"{}",1,0,"{""name"":""rect"",""x"":301,""y"":305,""width"":262,""height"":250}","{""Spices"":""Star Anise""}"
StarAnise10.jpg,46738,"{}",1,0,"{""name"":""rect"",""x"":273,""y"":322,""width"":265,""height"":279}","{""Spices"":""Star Anise""}"
StarAnise11.jpg,54950,"{}",1,0,"{""name"":""rect"",""x"":251,""y"":354,""width"":289,""height"":260}","{""Spices"":""Star Anise""}"
StarAnise12.jpg,56297,"{}",1,0,"{""name"":""rect"",""x"":228,""y"":376,""width"":346,""height"":310}","{""Spices"":""Star Anise""}"
StarAnise35.jpg,70967,"{}",2,0,"{""name"":""rect"",""x"":278,""y"":424,""width"":298,""height"":185}","{""Spices"":""Star Anise""}"
StarAnise35.jpg,70967,"{}",2,1,"{""name"":""rect"",""x"":310,""y"":680,""width"":244,""height"":232}","{""Spices"":""Star Anise""}"
StarAnise36.jpg,63521,"{}",2,0,"{""name"":""rect"",""x"":282,""y"":417,""width"":304,""height"":207}","{""Spices"":""Star Anise""}"
StarAnise36.jpg,63521,"{}",2,1,"{""name"":""rect"",""x"":297,""y"":654,""width"":298,""height"":250}","{""Spices"":""Star Anise""}"
StarAnise37.jpg,67166,"{}",2,0,"{""name"":""rect"",""x"":341,""y"":435,""width"":249,""height"":182}","{""Spices"":""Star Anise""}"
StarAnise37.jpg,67166,"{}",2,1,"{""name"":""rect"",""x"":321,""y"":677,""width"":272,""height"":242}","{""Spices"":""Star Anise""}"
StarAnise46.jpg,68360,"{}",3,0,"{""name"":""rect"",""x"":261,""y"":453,""width"":247,""height"":192}","{""Spices"":""Star Anise""}"
StarAnise46.jpg,68360,"{}",3,1,"{""name"":""rect"",""x"":201,""y"":663,""width"":189,""height"":207}","{""Spices"":""Star Anise""}"
StarAnise46.jpg,68360,"{}",3,2,"{""name"":""rect"",""x"":477,""y"":688,""width"":210,""height"":202}","{""Spices"":""Star Anise""}"
StarAnise47.jpg,83584,"{}",3,0,"{""name"":""rect"",""x"":260,""y"":452,""width"":243,""height"":178}","{""Spices"":""Star Anise""}"
StarAnise47.jpg,83584,"{}",3,1,"{""name"":""rect"",""x"":192,""y"":665,""width"":198,""height"":202}","{""Spices"":""Star Anise""}"
StarAnise47.jpg,83584,"{}",3,2,"{""name"":""rect"",""x"":478,""y"":687,""width"":225,""height"":214}","{""Spices"":""Star Anise""}"
StarAnise48.jpg,81978,"{}",3,0,"{""name"":""rect"",""x"":256,""y"":456,""width"":251,""height"":164}","{""Spices"":""Star Anise""}"
StarAnise48.jpg,81978,"{}",3,1,"{""name"":""rect"",""x"":198,""y"":646,""width"":191,""height"":220}","{""Spices"":""Star Anise""}"
StarAnise48.jpg,81978,"{}",3,2,"{""name"":""rect"",""x"":456,""y"":674,""width"":252,""height"":215}","{""Spices"":""Star Anise""}"
StarAnise57.jpg,77644,"{}",3,0,"{""name"":""rect"",""x"":185,""y"":439,""width"":374,""height"":207}","{""Spices"":""Star Anise""}"
StarAnise57.jpg,77644,"{}",3,1,"{""name"":""rect"",""x"":107,""y"":666,""width"":208,""height"":203}","{""Spices"":""Star Anise""}"
StarAnise57.jpg,77644,"{}",3,2,"{""name"":""rect"",""x"":397,""y"":686,""width"":258,""height"":191}","{""Spices"":""Star Anise""}"
StarAnise58.jpg,82665,"{}",3,0,"{""name"":""rect"",""x"":159,""y"":436,""width"":412,""height"":219}","{""Spices"":""Star Anise""}"
StarAnise58.jpg,82665,"{}",3,1,"{""name"":""rect"",""x"":114,""y"":674,""width"":202,""height"":203}","{""Spices"":""Star Anise""}"
StarAnise58.jpg,82665,"{}",3,2,"{""name"":""rect"",""x"":408,""y"":693,""width"":242,""height"":200}","{""Spices"":""Star Anise""}"
StarAnise59.jpg,86841,"{}",3,0,"{""name"":""rect"",""x"":154,""y"":449,""width"":412,""height"":234}","{""Spices"":""Star Anise""}"
StarAnise59.jpg,86841,"{}",3,1,"{""name"":""rect"",""x"":117,""y"":695,""width"":190,""height"":222}","{""Spices"":""Star Anise""}"
StarAnise59.jpg,86841,"{}",3,2,"{""name"":""rect"",""x"":397,""y"":693,""width"":244,""height"":229}","{""Spices"":""Star Anise""}"
StarAnise68.jpg,62827,"{}",1,0,"{""name"":""rect"",""x"":188,""y"":383,""width"":513,""height"":517}","{""Spices"":""Star Anise""}"
StarAnise69.jpg,67839,"{}",3,0,"{""name"":""rect"",""x"":139,""y"":427,""width"":169,""height"":232}","{""Spices"":""Star Anise""}"
StarAnise69.jpg,67839,"{}",3,1,"{""name"":""rect"",""x"":339,""y"":352,""width"":315,""height"":295}","{""Spices"":""Star Anise""}"
StarAnise69.jpg,67839,"{}",3,2,"{""name"":""rect"",""x"":315,""y"":673,""width"":224,""height"":227}","{""Spices"":""Star Anise""}"
StarAnise70.jpg,74238,"{}",3,0,"{""name"":""rect"",""x"":112,""y"":407,""width"":202,""height"":191}","{""Spices"":""Star Anise""}"
StarAnise70.jpg,74238,"{}",3,1,"{""name"":""rect"",""x"":346,""y"":308,""width"":285,""height"":332}","{""Spices"":""Star Anise""}"
StarAnise70.jpg,74238,"{}",3,2,"{""name"":""rect"",""x"":297,""y"":652,""width"":205,""height"":203}","{""Spices"":""Star Anise""}"
StarAnise79.jpg,82287,"{}",1,0,"{""name"":""rect"",""x"":207,""y"":464,""width"":451,""height"":390}","{""Spices"":""Star Anise""}"
StarAnise80.jpg,83049,"{}",2,0,"{""name"":""rect"",""x"":214,""y"":436,""width"":412,""height"":190}","{""Spices"":""Star Anise""}"
StarAnise80.jpg,83049,"{}",2,1,"{""name"":""rect"",""x"":197,""y"":625,""width"":451,""height"":224}","{""Spices"":""Star Anise""}"
StarAnise81.jpg,91471,"{}",1,0,"{""name"":""rect"",""x"":224,""y"":388,""width"":519,""height"":490}","{""Spices"":""Star Anise""}"
StarAnise101.jpg,77290,"{}",1,0,"{""name"":""rect"",""x"":185,""y"":127,""width"":537,""height"":718}","{""Spices"":""Star Anise""}"
StarAnise102.jpg,75875,"{}",1,0,"{""name"":""rect"",""x"":124,""y"":93,""width"":622,""height"":817}","{""Spices"":""Star Anise""}"
StarAnise103.jpg,79064,"{}",1,0,"{""name"":""rect"",""x"":98,""y"":137,""width"":624,""height"":790}","{""Spices"":""Star Anise""}"
StarAnise104.jpg,77581,"{}",1,0,"{""name"":""rect"",""x"":75,""y"":144,""width"":613,""height"":771}","{""Spices"":""Star Anise""}"
StarAnise105.jpg,77810,"{}",1,0,"{""name"":""rect"",""x"":92,""y"":205,""width"":552,""height"":759}","{""Spices"":""Star Anise""}"
StarAnise106.jpg,68167,"{}",4,0,"{""name"":""rect"",""x"":269,""y"":554,""width"":154,""height"":141}","{""Spices"":""Star Anise""}"
StarAnise106.jpg,68167,"{}",4,1,"{""name"":""rect"",""x"":266,""y"":724,""width"":224,""height"":202}","{""Spices"":""Star Anise""}"
StarAnise106.jpg,68167,"{}",4,2,"{""name"":""rect"",""x"":92,""y"":293,""width"":463,""height"":256}","{""Spices"":""Star Anise""}"
StarAnise106.jpg,68167,"{}",4,3,"{""name"":""rect"",""x"":478,""y"":558,""width"":175,""height"":210}","{""Spices"":""Star Anise""}"
StarAnise107.jpg,62837,"{}",1,0,"{""name"":""rect"",""x"":122,""y"":319,""width"":547,""height"":559}","{""Spices"":""Star Anise""}"
StarAnise108.jpg,62777,"{}",1,0,"{""name"":""rect"",""x"":166,""y"":361,""width"":458,""height"":529}","{""Spices"":""Star Anise""}"
StarAnise112.jpg,76311,"{}",1,0,"{""name"":""rect"",""x"":190,""y"":351,""width"":488,""height"":437}","{""Spices"":""Star Anise""}"
StarAnise113.jpg,83528,"{}",1,0,"{""name"":""rect"",""x"":147,""y"":354,""width"":585,""height"":451}","{""Spices"":""Star Anise""}"
StarAnise114.jpg,72537,"{}",1,0,"{""name"":""rect"",""x"":214,""y"":485,""width"":502,""height"":439}","{""Spices"":""Star Anise""}"
StarAnise115.jpg,71251,"{}",1,0,"{""name"":""rect"",""x"":264,""y"":454,""width"":417,""height"":488}","{""Spices"":""Star Anise""}"
StarAnise116.jpg,70573,"{}",1,0,"{""name"":""rect"",""x"":241,""y"":434,""width"":400,""height"":478}","{""Spices"":""Star Anise""}"
StarAnise117.jpg,68963,"{}",2,0,"{""name"":""rect"",""x"":188,""y"":410,""width"":208,""height"":454}","{""Spices"":""Star Anise""}"
StarAnise117.jpg,68963,"{}",2,1,"{""name"":""rect"",""x"":412,""y"":691,""width"":190,""height"":219}","{""Spices"":""Star Anise""}"
StarAnise118.jpg,65413,"{}",2,0,"{""name"":""rect"",""x"":188,""y"":374,""width"":222,""height"":468}","{""Spices"":""Star Anise""}"
StarAnise118.jpg,65413,"{}",2,1,"{""name"":""rect"",""x"":420,""y"":671,""width"":207,""height"":244}","{""Spices"":""Star Anise""}"
StarAnise119.jpg,83732,"{}",1,0,"{""name"":""rect"",""x"":241,""y"":408,""width"":419,""height"":524}","{""Spices"":""Star Anise""}"
StarAnise123.jpg,86450,"{}",1,0,"{""name"":""rect"",""x"":132,""y"":485,""width"":596,""height"":397}","{""Spices"":""Star Anise""}"
StarAnise124.jpg,85780,"{}",1,0,"{""name"":""rect"",""x"":161,""y"":461,""width"":561,""height"":386}","{""Spices"":""Star Anise""}"
StarAnise125.jpg,87342,"{}",1,0,"{""name"":""rect"",""x"":159,""y"":507,""width"":573,""height"":347}","{""Spices"":""Star Anise""}"
StarAnise126.jpg,76375,"{}",1,0,"{""name"":""rect"",""x"":176,""y"":529,""width"":556,""height"":319}","{""Spices"":""Star Anise""}"
StarAnise127.jpg,79695,"{}",1,0,"{""name"":""rect"",""x"":169,""y"":507,""width"":598,""height"":336}","{""Spices"":""Star Anise""}"
StarAnise128.jpg,77847,"{}",1,0,"{""name"":""rect"",""x"":164,""y"":503,""width"":558,""height"":380}","{""Spices"":""Star Anise""}"
StarAnise129.jpg,63878,"{}",1,0,"{""name"":""rect"",""x"":159,""y"":456,""width"":529,""height"":393}","{""Spices"":""Star Anise""}"
StarAnise130.jpg,61879,"{}",1,0,"{""name"":""rect"",""x"":214,""y"":390,""width"":464,""height"":452}","{""Spices"":""Star Anise""}"
StarAnise134.jpg,69850,"{}",1,0,"{""name"":""rect"",""x"":300,""y"":293,""width"":342,""height"":505}","{""Spices"":""Star Anise""}"
StarAnise135.jpg,79850,"{}",1,0,"{""name"":""rect"",""x"":220,""y"":447,""width"":495,""height"":436}","{""Spices"":""Star Anise""}"
StarAnise136.jpg,73393,"{}",1,0,"{""name"":""rect"",""x"":222,""y"":546,""width"":512,""height"":339}","{""Spices"":""Star Anise""}"
StarAnise137.jpg,75401,"{}",1,0,"{""name"":""rect"",""x"":214,""y"":578,""width"":488,""height"":320}","{""Spices"":""Star Anise""}"
StarAnise138.jpg,73294,"{}",1,0,"{""name"":""rect"",""x"":166,""y"":600,""width"":542,""height"":297}","{""Spices"":""Star Anise""}"
StarAnise139.jpg,75692,"{}",1,0,"{""name"":""rect"",""x"":202,""y"":578,""width"":507,""height"":334}","{""Spices"":""Star Anise""}"
StarAnise140.jpg,74475,"{}",1,0,"{""name"":""rect"",""x"":220,""y"":546,""width"":449,""height"":354}","{""Spices"":""Star Anise""}"
StarAnise141.jpg,70190,"{}",1,0,"{""name"":""rect"",""x"":214,""y"":571,""width"":456,""height"":297}","{""Spices"":""Star Anise""}"
StarAnise145.jpg,53729,"{}",1,0,"{""name"":""rect"",""x"":207,""y"":563,""width"":436,""height"":300}","{""Spices"":""Star Anise""}"
StarAnise146.jpg,52614,"{}",1,0,"{""name"":""rect"",""x"":202,""y"":530,""width"":461,""height"":322}","{""Spices"":""Star Anise""}"
StarAnise147.jpg,57170,"{}",1,0,"{""name"":""rect"",""x"":225,""y"":505,""width"":437,""height"":341}","{""Spices"":""Star Anise""}"
StarAnise148.jpg,59422,"{}",1,0,"{""name"":""rect"",""x"":224,""y"":436,""width"":432,""height"":373}","{""Spices"":""Star Anise""}"
StarAnise149.jpg,64474,"{}",1,0,"{""name"":""rect"",""x"":239,""y"":442,""width"":386,""height"":383}","{""Spices"":""Star Anise""}"
StarAnise150.jpg,64949,"{}",1,0,"{""name"":""rect"",""x"":195,""y"":424,""width"":432,""height"":413}","{""Spices"":""Star Anise""}"
StarAnise151.jpg,65868,"{}",1,0,"{""name"":""rect"",""x"":205,""y"":408,""width"":408,""height"":430}","{""Spices"":""Star Anise""}"
StarAnise152.jpg,58775,"{}",1,0,"{""name"":""rect"",""x"":232,""y"":393,""width"":441,""height"":483}","{""Spices"":""Star Anise""}"
StarAnise156.jpg,56005,"{}",1,0,"{""name"":""rect"",""x"":180,""y"":210,""width"":525,""height"":676}","{""Spices"":""Star Anise""}"
StarAnise157.jpg,57923,"{}",1,0,"{""name"":""rect"",""x"":41,""y"":198,""width"":552,""height"":678}","{""Spices"":""Star Anise""}"
StarAnise158.jpg,73326,"{}",1,0,"{""name"":""rect"",""x"":163,""y"":490,""width"":410,""height"":347}","{""Spices"":""Star Anise""}"
StarAnise159.jpg,76531,"{}",1,0,"{""name"":""rect"",""x"":141,""y"":468,""width"":532,""height"":425}","{""Spices"":""Star Anise""}"
StarAnise160.jpg,75729,"{}",1,0,"{""name"":""rect"",""x"":139,""y"":442,""width"":624,""height"":427}","{""Spices"":""Star Anise""}"
StarAnise161.jpg,67266,"{}",1,0,"{""name"":""rect"",""x"":146,""y"":412,""width"":580,""height"":436}","{""Spices"":""Star Anise""}"
StarAnise162.jpg,76342,"{}",1,0,"{""name"":""rect"",""x"":234,""y"":444,""width"":495,""height"":427}","{""Spices"":""Star Anise""}"
StarAnise163.jpg,70095,"{}",1,0,"{""name"":""rect"",""x"":142,""y"":439,""width"":607,""height"":437}","{""Spices"":""Star Anise""}"
StarAnise167.jpg,41653,"{}",1,0,"{""name"":""rect"",""x"":212,""y"":390,""width"":456,""height"":430}","{""Spices"":""Star Anise""}"
StarAnise168.jpg,67139,"{}",1,0,"{""name"":""rect"",""x"":432,""y"":419,""width"":356,""height"":424}","{""Spices"":""Star Anise""}"
StarAnise169.jpg,54098,"{}",1,0,"{""name"":""rect"",""x"":329,""y"":436,""width"":420,""height"":351}","{""Spices"":""Star Anise""}"
StarAnise170.jpg,48593,"{}",1,0,"{""name"":""rect"",""x"":249,""y"":442,""width"":390,""height"":325}","{""Spices"":""Star Anise""}"
StarAnise171.jpg,42139,"{}",1,0,"{""name"":""rect"",""x"":256,""y"":490,""width"":313,""height"":288}","{""Spices"":""Star Anise""}"
StarAnise172.jpg,39068,"{}",1,0,"{""name"":""rect"",""x"":288,""y"":515,""width"":346,""height"":300}","{""Spices"":""Star Anise""}"
StarAnise173.jpg,40282,"{}",1,0,"{""name"":""rect"",""x"":324,""y"":544,""width"":332,""height"":293}","{""Spices"":""Star Anise""}"
StarAnise174.jpg,37131,"{}",1,0,"{""name"":""rect"",""x"":363,""y"":539,""width"":312,""height"":290}","{""Spices"":""Star Anise""}"
StarAnise178.jpg,34593,"{}",1,0,"{""name"":""rect"",""x"":297,""y"":381,""width"":313,""height"":291}","{""Spices"":""Star Anise""}"
StarAnise179.jpg,47630,"{}",1,0,"{""name"":""rect"",""x"":166,""y"":225,""width"":371,""height"":408}","{""Spices"":""Star Anise""}"
StarAnise180.jpg,59475,"{}",1,0,"{""name"":""rect"",""x"":147,""y"":286,""width"":446,""height"":439}","{""Spices"":""Star Anise""}"
StarAnise181.jpg,61171,"{}",1,0,"{""name"":""rect"",""x"":149,""y"":368,""width"":497,""height"":444}","{""Spices"":""Star Anise""}"
StarAnise182.jpg,62611,"{}",1,0,"{""name"":""rect"",""x"":169,""y"":407,""width"":554,""height"":468}","{""Spices"":""Star Anise""}"
StarAnise183.jpg,62831,"{}",1,0,"{""name"":""rect"",""x"":195,""y"":417,""width"":561,""height"":500}","{""Spices"":""Star Anise""}"
StarAnise184.jpg,64738,"{}",1,0,"{""name"":""rect"",""x"":180,""y"":425,""width"":593,""height"":512}","{""Spices"":""Star Anise""}"
StarAnise185.jpg,62324,"{}",1,0,"{""name"":""rect"",""x"":220,""y"":334,""width"":513,""height"":515}","{""Spices"":""Star Anise""}"
StarAnise189.jpg,48772,"{}",1,0,"{""name"":""rect"",""x"":251,""y"":393,""width"":378,""height"":354}","{""Spices"":""Star Anise""}"
StarAnise190.jpg,75570,"{}",1,0,"{""name"":""rect"",""x"":214,""y"":498,""width"":320,""height"":364}","{""Spices"":""Star Anise""}"
StarAnise191.jpg,70648,"{}",1,0,"{""name"":""rect"",""x"":220,""y"":502,""width"":291,""height"":342}","{""Spices"":""Star Anise""}"
StarAnise192.jpg,66558,"{}",1,0,"{""name"":""rect"",""x"":220,""y"":529,""width"":325,""height"":334}","{""Spices"":""Star Anise""}"
StarAnise193.jpg,64559,"{}",1,0,"{""name"":""rect"",""x"":234,""y"":539,""width"":332,""height"":336}","{""Spices"":""Star Anise""}"
StarAnise194.jpg,61263,"{}",1,0,"{""name"":""rect"",""x"":293,""y"":530,""width"":285,""height"":332}","{""Spices"":""Star Anise""}"
StarAnise195.jpg,50171,"{}",1,0,"{""name"":""rect"",""x"":322,""y"":544,""width"":278,""height"":285}","{""Spices"":""Star Anise""}"
StarAnise196.jpg,52295,"{}",1,0,"{""name"":""rect"",""x"":380,""y"":544,""width"":269,""height"":288}","{""Spices"":""Star Anise""}"
StarAnise200.jpg,63529,"{}",1,0,"{""name"":""rect"",""x"":397,""y"":483,""width"":295,""height"":300}","{""Spices"":""Star Anise""}"
StarAnise201.jpg,64227,"{}",1,0,"{""name"":""rect"",""x"":376,""y"":483,""width"":319,""height"":310}","{""Spices"":""Star Anise""}"
StarAnise202.jpg,62927,"{}",1,0,"{""name"":""rect"",""x"":312,""y"":476,""width"":352,""height"":312}","{""Spices"":""Star Anise""}"
StarAnise203.jpg,58961,"{}",1,0,"{""name"":""rect"",""x"":276,""y"":449,""width"":385,""height"":366}","{""Spices"":""Star Anise""}"
StarAnise204.jpg,54341,"{}",1,0,"{""name"":""rect"",""x"":269,""y"":436,""width"":415,""height"":374}","{""Spices"":""Star Anise""}"
StarAnise205.jpg,51391,"{}",1,0,"{""name"":""rect"",""x"":249,""y"":437,""width"":402,""height"":376}","{""Spices"":""Star Anise""}"
StarAnise206.jpg,54436,"{}",1,0,"{""name"":""rect"",""x"":200,""y"":480,""width"":371,""height"":315}","{""Spices"":""Star Anise""}"
StarAnise207.jpg,65260,"{}",1,0,"{""name"":""rect"",""x"":599,""y"":129,""width"":589,""height"":661}","{""Spices"":""Star Anise""}"
StarAnise211.jpg,66843,"{}",1,0,"{""name"":""rect"",""x"":626,""y"":141,""width"":561,""height"":651}","{""Spices"":""Star Anise""}"
StarAnise212.jpg,63472,"{}",1,0,"{""name"":""rect"",""x"":633,""y"":129,""width"":558,""height"":645}","{""Spices"":""Star Anise""}"
StarAnise213.jpg,64836,"{}",1,0,"{""name"":""rect"",""x"":629,""y"":131,""width"":561,""height"":672}","{""Spices"":""Star Anise""}"
StarAnise214.jpg,60513,"{}",1,0,"{""name"":""rect"",""x"":645,""y"":173,""width"":567,""height"":628}","{""Spices"":""Star Anise""}"
StarAnise215.jpg,55221,"{}",1,0,"{""name"":""rect"",""x"":570,""y"":192,""width"":621,""height"":660}","{""Spices"":""Star Anise""}"
StarAnise216.jpg,52421,"{}",1,0,"{""name"":""rect"",""x"":527,""y"":200,""width"":604,""height"":650}","{""Spices"":""Star Anise""}"
StarAnise217.jpg,59689,"{}",1,0,"{""name"":""rect"",""x"":519,""y"":144,""width"":638,""height"":692}","{""Spices"":""Star Anise""}"
StarAnise218.jpg,51668,"{}",1,0,"{""name"":""rect"",""x"":548,""y"":151,""width"":606,""height"":685}","{""Spices"":""Star Anise""}"